11.833023071289062
(-0.300 -0.119 -0.946 -0.419
 0.069 0.987 -0.146 1.062
 0.951 -0.109 -0.288 1.825
 0.000 0.000 0.000 1.000)

11.93308162689209
(0.227 -0.159 -0.961 -0.328
 0.046 0.987 -0.152 1.092
 0.973 -0.010 0.232 1.579
 0.000 0.000 0.000 1.000)

11.95100212097168
(0.296 -0.150 -0.943 -0.322
 0.045 0.989 -0.143 1.095
 0.954 -0.001 0.299 1.537
 0.000 0.000 0.000 1.000)

11.967296600341797
(0.357 -0.143 -0.923 -0.319
 0.047 0.990 -0.135 1.099
 0.933 0.005 0.360 1.496
 0.000 0.000 0.000 1.000)

11.983932495117188
(0.416 -0.144 -0.898 -0.319
 0.046 0.990 -0.137 1.104
 0.908 0.015 0.418 1.456
 0.000 0.000 0.000 1.000)

12.001314163208008
(0.470 -0.151 -0.870 -0.321
 0.050 0.988 -0.144 1.108
 0.881 0.024 0.472 1.417
 0.000 0.000 0.000 1.000)

12.017294883728027
(0.521 -0.159 -0.839 -0.325
 0.059 0.987 -0.151 1.114
 0.852 0.030 0.523 1.380
 0.000 0.000 0.000 1.000)

12.033971786499023
(0.564 -0.166 -0.809 -0.332
 0.072 0.986 -0.152 1.119
 0.823 0.028 0.568 1.345
 0.000 0.000 0.000 1.000)

12.05060863494873
(0.601 -0.173 -0.780 -0.339
 0.091 0.985 -0.149 1.124
 0.794 0.019 0.607 1.311
 0.000 0.000 0.000 1.000)

12.067296028137207
(0.635 -0.185 -0.750 -0.348
 0.116 0.983 -0.145 1.129
 0.764 0.004 0.645 1.281
 0.000 0.000 0.000 1.000)

12.084104537963867
(0.663 -0.202 -0.721 -0.359
 0.142 0.979 -0.144 1.134
 0.735 -0.007 0.678 1.252
 0.000 0.000 0.000 1.000)

12.100707054138184
(0.688 -0.224 -0.691 -0.370
 0.163 0.975 -0.153 1.140
 0.707 -0.008 0.707 1.225
 0.000 0.000 0.000 1.000)

12.11733627319336
(0.710 -0.246 -0.660 -0.382
 0.185 0.969 -0.162 1.145
 0.679 -0.007 0.734 1.200
 0.000 0.000 0.000 1.000)

12.134008407592773
(0.731 -0.268 -0.627 -0.394
 0.204 0.963 -0.174 1.150
 0.651 -0.001 0.759 1.177
 0.000 0.000 0.000 1.000)

12.150659561157227
(0.749 -0.288 -0.597 -0.407
 0.221 0.958 -0.184 1.154
 0.624 0.006 0.781 1.156
 0.000 0.000 0.000 1.000)

12.167348861694336
(0.770 -0.303 -0.562 -0.420
 0.237 0.953 -0.189 1.158
 0.593 0.012 0.805 1.137
 0.000 0.000 0.000 1.000)

12.184062957763672
(0.788 -0.315 -0.528 -0.433
 0.248 0.949 -0.195 1.161
 0.563 0.022 0.826 1.120
 0.000 0.000 0.000 1.000)

12.200790405273438
(0.806 -0.321 -0.497 -0.446
 0.253 0.946 -0.202 1.165
 0.535 0.038 0.844 1.106
 0.000 0.000 0.000 1.000)

12.217437744140625
(0.820 -0.323 -0.472 -0.457
 0.250 0.945 -0.213 1.168
 0.515 0.057 0.855 1.094
 0.000 0.000 0.000 1.000)

12.234107971191406
(0.831 -0.325 -0.451 -0.468
 0.246 0.943 -0.226 1.171
 0.499 0.077 0.863 1.085
 0.000 0.000 0.000 1.000)

12.250741004943848
(0.837 -0.324 -0.441 -0.478
 0.239 0.941 -0.238 1.174
 0.492 0.094 0.866 1.077
 0.000 0.000 0.000 1.000)

12.267509460449219
(0.842 -0.322 -0.433 -0.486
 0.233 0.941 -0.247 1.176
 0.486 0.107 0.867 1.072
 0.000 0.000 0.000 1.000)

12.284138679504395
(0.843 -0.325 -0.428 -0.493
 0.233 0.939 -0.253 1.177
 0.484 0.114 0.867 1.068
 0.000 0.000 0.000 1.000)

12.300808906555176
(0.843 -0.325 -0.429 -0.499
 0.232 0.939 -0.255 1.177
 0.486 0.115 0.866 1.066
 0.000 0.000 0.000 1.000)

12.317573547363281
(0.841 -0.321 -0.435 -0.503
 0.227 0.940 -0.255 1.177
 0.490 0.116 0.864 1.065
 0.000 0.000 0.000 1.000)

12.334161758422852
(0.841 -0.317 -0.439 -0.506
 0.222 0.941 -0.255 1.176
 0.494 0.117 0.862 1.065
 0.000 0.000 0.000 1.000)

12.350808143615723
(0.840 -0.311 -0.445 -0.508
 0.216 0.943 -0.252 1.174
 0.498 0.115 0.860 1.066
 0.000 0.000 0.000 1.000)

12.367527961730957
(0.839 -0.302 -0.452 -0.508
 0.207 0.946 -0.248 1.171
 0.502 0.115 0.857 1.066
 0.000 0.000 0.000 1.000)

12.384181022644043
(0.840 -0.292 -0.458 -0.508
 0.200 0.950 -0.239 1.167
 0.505 0.109 0.856 1.067
 0.000 0.000 0.000 1.000)

12.400790214538574
(0.842 -0.279 -0.462 -0.507
 0.195 0.955 -0.222 1.161
 0.504 0.097 0.858 1.068
 0.000 0.000 0.000 1.000)

12.417474746704102
(0.846 -0.262 -0.464 -0.505
 0.186 0.961 -0.203 1.155
 0.500 0.085 0.862 1.069
 0.000 0.000 0.000 1.000)

12.434126853942871
(0.852 -0.242 -0.464 -0.502
 0.176 0.967 -0.182 1.147
 0.493 0.073 0.867 1.071
 0.000 0.000 0.000 1.000)

12.450840950012207
(0.858 -0.218 -0.464 -0.499
 0.161 0.974 -0.160 1.138
 0.487 0.062 0.871 1.073
 0.000 0.000 0.000 1.000)

12.467557907104492
(0.863 -0.190 -0.468 -0.496
 0.141 0.980 -0.137 1.128
 0.485 0.053 0.873 1.076
 0.000 0.000 0.000 1.000)

12.484149932861328
(0.868 -0.160 -0.470 -0.492
 0.123 0.986 -0.109 1.117
 0.482 0.037 0.876 1.079
 0.000 0.000 0.000 1.000)

12.500835418701172
(0.871 -0.128 -0.475 -0.488
 0.104 0.992 -0.077 1.106
 0.481 0.018 0.877 1.083
 0.000 0.000 0.000 1.000)

12.517513275146484
(0.875 -0.056 -0.481 -0.480
 0.065 0.998 0.003 1.080
 0.480 -0.034 0.877 1.092
 0.000 0.000 0.000 1.000)

12.550068855285645
(0.877 -0.019 -0.480 -0.476
 0.042 0.998 0.038 1.067
 0.479 -0.054 0.876 1.098
 0.000 0.000 0.000 1.000)

12.567608833312988
(0.879 0.018 -0.476 -0.472
 0.017 0.997 0.069 1.054
 0.476 -0.069 0.877 1.104
 0.000 0.000 0.000 1.000)

12.584223747253418
(0.881 0.053 -0.469 -0.468
 -0.013 0.996 0.089 1.041
 0.472 -0.073 0.879 1.110
 0.000 0.000 0.000 1.000)

12.600902557373047
(0.882 0.088 -0.462 -0.464
 -0.042 0.993 0.107 1.029
 0.469 -0.075 0.880 1.116
 0.000 0.000 0.000 1.000)

12.617573738098145
(0.882 0.119 -0.455 -0.461
 -0.070 0.990 0.123 1.017
 0.465 -0.077 0.882 1.122
 0.000 0.000 0.000 1.000)

12.634254455566406
(0.882 0.145 -0.448 -0.458
 -0.092 0.986 0.139 1.006
 0.462 -0.082 0.883 1.129
 0.000 0.000 0.000 1.000)

12.65093994140625
(0.883 0.165 -0.440 -0.455
 -0.105 0.982 0.158 0.994
 0.458 -0.094 0.884 1.136
 0.000 0.000 0.000 1.000)

12.66759967803955
(0.882 0.181 -0.435 -0.452
 -0.109 0.977 0.185 0.983
 0.458 -0.116 0.881 1.143
 0.000 0.000 0.000 1.000)

12.68429183959961
(0.880 0.196 -0.433 -0.449
 -0.106 0.969 0.221 0.973
 0.463 -0.149 0.874 1.152
 0.000 0.000 0.000 1.000)

12.700967788696289
(0.877 0.210 -0.432 -0.447
 -0.101 0.960 0.262 0.962
 0.469 -0.186 0.863 1.160
 0.000 0.000 0.000 1.000)

12.717609405517578
(0.872 0.228 -0.433 -0.444
 -0.096 0.947 0.305 0.951
 0.480 -0.224 0.848 1.168
 0.000 0.000 0.000 1.000)

12.734323501586914
(0.867 0.249 -0.432 -0.442
 -0.094 0.933 0.349 0.941
 0.489 -0.262 0.832 1.176
 0.000 0.000 0.000 1.000)

12.750992774963379
(0.866 0.271 -0.420 -0.440
 -0.100 0.917 0.386 0.932
 0.490 -0.292 0.821 1.183
 0.000 0.000 0.000 1.000)

12.767661094665527
(0.867 0.293 -0.404 -0.439
 -0.113 0.904 0.413 0.924
 0.486 -0.312 0.816 1.188
 0.000 0.000 0.000 1.000)

12.784358978271484
(0.866 0.312 -0.390 -0.437
 -0.133 0.897 0.422 0.917
 0.481 -0.314 0.818 1.193
 0.000 0.000 0.000 1.000)

12.800983428955078
(0.861 0.334 -0.384 -0.436
 -0.159 0.893 0.421 0.912
 0.484 -0.302 0.822 1.196
 0.000 0.000 0.000 1.000)

12.817702293395996
(0.854 0.352 -0.384 -0.434
 -0.184 0.893 0.411 0.909
 0.487 -0.280 0.827 1.198
 0.000 0.000 0.000 1.000)

12.834386825561523
(0.848 0.367 -0.382 -0.432
 -0.206 0.893 0.400 0.907
 0.488 -0.260 0.833 1.201
 0.000 0.000 0.000 1.000)

12.851137161254883
(0.842 0.376 -0.387 -0.429
 -0.221 0.895 0.389 0.906
 0.492 -0.242 0.836 1.203
 0.000 0.000 0.000 1.000)

12.86784553527832
(0.836 0.383 -0.392 -0.427
 -0.229 0.894 0.385 0.906
 0.498 -0.232 0.835 1.205
 0.000 0.000 0.000 1.000)

12.884523391723633
(0.833 0.384 -0.398 -0.423
 -0.229 0.895 0.383 0.906
 0.503 -0.228 0.834 1.209
 0.000 0.000 0.000 1.000)

12.901193618774414
(0.833 0.378 -0.403 -0.420
 -0.222 0.897 0.383 0.907
 0.507 -0.229 0.831 1.212
 0.000 0.000 0.000 1.000)

12.917887687683105
(0.834 0.367 -0.411 -0.416
 -0.209 0.901 0.380 0.907
 0.510 -0.231 0.829 1.216
 0.000 0.000 0.000 1.000)

12.934553146362305
(0.836 0.354 -0.419 -0.412
 -0.194 0.905 0.378 0.908
 0.513 -0.235 0.825 1.219
 0.000 0.000 0.000 1.000)

12.951214790344238
(0.839 0.340 -0.425 -0.408
 -0.177 0.909 0.378 0.910
 0.515 -0.242 0.823 1.223
 0.000 0.000 0.000 1.000)

12.967888832092285
(0.842 0.324 -0.431 -0.403
 -0.160 0.913 0.375 0.911
 0.515 -0.246 0.821 1.228
 0.000 0.000 0.000 1.000)

12.984548568725586
(0.843 0.308 -0.442 -0.399
 -0.146 0.921 0.362 0.913
 0.518 -0.241 0.821 1.232
 0.000 0.000 0.000 1.000)

13.00126838684082
(0.842 0.263 -0.471 -0.390
 -0.119 0.943 0.312 0.918
 0.526 -0.207 0.825 1.243
 0.000 0.000 0.000 1.000)

13.033689498901367
(0.842 0.234 -0.487 -0.386
 -0.103 0.954 0.280 0.920
 0.530 -0.186 0.827 1.250
 0.000 0.000 0.000 1.000)

13.051351547241211
(0.840 0.203 -0.502 -0.382
 -0.083 0.964 0.252 0.922
 0.536 -0.170 0.827 1.258
 0.000 0.000 0.000 1.000)

13.067930221557617
(0.839 0.176 -0.515 -0.379
 -0.062 0.971 0.232 0.923
 0.541 -0.163 0.825 1.269
 0.000 0.000 0.000 1.000)

13.084627151489258
(0.834 0.152 -0.530 -0.376
 -0.039 0.975 0.218 0.924
 0.550 -0.162 0.820 1.282
 0.000 0.000 0.000 1.000)

13.101274490356445
(0.823 0.135 -0.551 -0.374
 -0.014 0.976 0.217 0.924
 0.567 -0.171 0.806 1.297
 0.000 0.000 0.000 1.000)

13.117938995361328
(0.807 0.122 -0.578 -0.372
 0.007 0.976 0.216 0.923
 0.591 -0.178 0.787 1.314
 0.000 0.000 0.000 1.000)

13.134671211242676
(0.783 0.118 -0.610 -0.371
 0.019 0.977 0.213 0.921
 0.621 -0.179 0.763 1.333
 0.000 0.000 0.000 1.000)

13.15134048461914
(0.756 0.117 -0.644 -0.370
 0.028 0.977 0.211 0.919
 0.654 -0.178 0.736 1.354
 0.000 0.000 0.000 1.000)

13.168012619018555
(0.723 0.123 -0.679 -0.370
 0.031 0.977 0.210 0.916
 0.690 -0.173 0.703 1.376
 0.000 0.000 0.000 1.000)

13.184707641601562
(0.690 0.133 -0.711 -0.370
 0.025 0.978 0.208 0.913
 0.723 -0.161 0.671 1.400
 0.000 0.000 0.000 1.000)

13.201358795166016
(0.655 0.145 -0.741 -0.371
 0.012 0.979 0.202 0.910
 0.755 -0.141 0.640 1.424
 0.000 0.000 0.000 1.000)

13.218042373657227
(0.615 0.156 -0.773 -0.372
 -0.006 0.981 0.193 0.906
 0.789 -0.114 0.604 1.449
 0.000 0.000 0.000 1.000)

13.23473072052002
(0.562 0.171 -0.809 -0.374
 -0.029 0.982 0.188 0.903
 0.827 -0.082 0.557 1.474
 0.000 0.000 0.000 1.000)

13.25145149230957
(0.502 0.188 -0.844 -0.376
 -0.049 0.981 0.189 0.899
 0.864 -0.054 0.501 1.501
 0.000 0.000 0.000 1.000)

13.268074989318848
(0.433 0.205 -0.878 -0.378
 -0.068 0.978 0.195 0.896
 0.899 -0.025 0.438 1.527
 0.000 0.000 0.000 1.000)

13.284764289855957
(0.360 0.221 -0.906 -0.379
 -0.088 0.975 0.203 0.894
 0.929 0.007 0.371 1.552
 0.000 0.000 0.000 1.000)

13.301431655883789
(0.275 0.227 -0.934 -0.380
 -0.112 0.973 0.203 0.893
 0.955 0.049 0.293 1.576
 0.000 0.000 0.000 1.000)

13.318245887756348
(0.198 0.219 -0.955 -0.381
 -0.138 0.971 0.194 0.893
 0.970 0.094 0.223 1.600
 0.000 0.000 0.000 1.000)

13.33480453491211
(0.152 0.196 -0.969 -0.382
 -0.171 0.970 0.170 0.895
 0.973 0.140 0.181 1.623
 0.000 0.000 0.000 1.000)

13.35150146484375
(0.099 0.162 -0.982 -0.382
 -0.196 0.971 0.140 0.899
 0.976 0.179 0.128 1.644
 0.000 0.000 0.000 1.000)

13.36810302734375
(0.064 0.126 -0.990 -0.382
 -0.207 0.972 0.110 0.904
 0.976 0.198 0.089 1.664
 0.000 0.000 0.000 1.000)

13.384834289550781
(0.036 0.094 -0.995 -0.383
 -0.213 0.974 0.084 0.910
 0.976 0.209 0.055 1.682
 0.000 0.000 0.000 1.000)

13.452508926391602
(-0.031 0.058 -0.998 -0.385
 -0.109 0.992 0.061 0.933
 0.994 0.111 -0.024 1.729
 0.000 0.000 0.000 1.000)

13.453656196594238
(-0.069 0.060 -0.996 -0.388
 -0.011 0.998 0.061 0.947
 0.998 0.015 -0.068 1.752
 0.000 0.000 0.000 1.000)

13.470195770263672
(-0.087 0.063 -0.994 -0.390
 0.031 0.998 0.060 0.953
 0.996 -0.025 -0.089 1.762
 0.000 0.000 0.000 1.000)

13.486881256103516
(-0.121 0.060 -0.991 -0.392
 0.058 0.997 0.054 0.957
 0.991 -0.051 -0.124 1.771
 0.000 0.000 0.000 1.000)

13.51935863494873
(-0.139 0.058 -0.989 -0.394
 0.073 0.996 0.048 0.961
 0.988 -0.066 -0.142 1.778
 0.000 0.000 0.000 1.000)

13.53697681427002
(-0.149 0.057 -0.987 -0.396
 0.081 0.996 0.045 0.963
 0.986 -0.073 -0.152 1.785
 0.000 0.000 0.000 1.000)

13.5536470413208
(-0.158 0.064 -0.985 -0.398
 0.079 0.996 0.052 0.965
 0.984 -0.070 -0.162 1.791
 0.000 0.000 0.000 1.000)

13.570310592651367
(-0.149 0.080 -0.986 -0.400
 0.086 0.994 0.067 0.964
 0.985 -0.075 -0.155 1.796
 0.000 0.000 0.000 1.000)

13.586901664733887
(-0.138 0.112 -0.984 -0.402
 0.093 0.991 0.099 0.963
 0.986 -0.078 -0.147 1.799
 0.000 0.000 0.000 1.000)

13.603704452514648
(-0.121 0.165 -0.979 -0.402
 0.122 0.981 0.151 0.961
 0.985 -0.101 -0.138 1.802
 0.000 0.000 0.000 1.000)

13.620380401611328
(-0.094 0.228 -0.969 -0.403
 0.142 0.967 0.214 0.958
 0.985 -0.117 -0.123 1.802
 0.000 0.000 0.000 1.000)

13.637134552001953
(-0.049 0.301 -0.952 -0.402
 0.169 0.942 0.289 0.955
 0.984 -0.146 -0.097 1.802
 0.000 0.000 0.000 1.000)

13.65372371673584
(-0.008 0.371 -0.929 -0.403
 0.212 0.908 0.361 0.952
 0.977 -0.194 -0.086 1.803
 0.000 0.000 0.000 1.000)

13.670348167419434
(0.066 0.418 -0.906 -0.402
 0.216 0.880 0.422 0.948
 0.974 -0.224 -0.032 1.806
 0.000 0.000 0.000 1.000)

13.686967849731445
(0.088 0.455 -0.886 -0.401
 0.203 0.863 0.463 0.944
 0.975 -0.221 -0.017 1.806
 0.000 0.000 0.000 1.000)

13.703737258911133
(0.071 0.442 -0.894 -0.406
 0.090 0.890 0.447 0.945
 0.993 -0.112 0.024 1.806
 0.000 0.000 0.000 1.000)

13.720405578613281
(0.037 0.415 -0.909 -0.408
 0.012 0.910 0.415 0.945
 0.999 -0.026 0.029 1.807
 0.000 0.000 0.000 1.000)

13.737053871154785
(0.001 0.382 -0.924 -0.410
 -0.075 0.921 0.381 0.945
 0.997 0.069 0.029 1.808
 0.000 0.000 0.000 1.000)

13.769512176513672
(-0.040 0.357 -0.933 -0.412
 -0.169 0.918 0.358 0.945
 0.985 0.173 0.023 1.809
 0.000 0.000 0.000 1.000)

13.787055015563965
(-0.068 0.347 -0.935 -0.415
 -0.259 0.899 0.352 0.944
 0.964 0.266 0.029 1.811
 0.000 0.000 0.000 1.000)

13.80381965637207
(-0.100 0.341 -0.935 -0.417
 -0.330 0.875 0.355 0.941
 0.939 0.344 0.025 1.812
 0.000 0.000 0.000 1.000)

13.820436477661133
(-0.135 0.337 -0.932 -0.420
 -0.391 0.846 0.363 0.938
 0.910 0.413 0.018 1.815
 0.000 0.000 0.000 1.000)

13.837218284606934
(-0.152 0.328 -0.932 -0.424
 -0.452 0.816 0.361 0.934
 0.879 0.476 0.024 1.818
 0.000 0.000 0.000 1.000)

13.85380744934082
(-0.173 0.311 -0.935 -0.429
 -0.502 0.789 0.355 0.929
 0.848 0.530 0.019 1.823
 0.000 0.000 0.000 1.000)

13.8704833984375
(-0.233 0.256 -0.938 -0.429
 -0.551 0.760 0.345 0.930
 0.801 0.597 -0.036 1.823
 0.000 0.000 0.000 1.000)

13.887107849121094
(-0.253 0.205 -0.945 -0.432
 -0.602 0.731 0.320 0.930
 0.757 0.650 -0.061 1.823
 0.000 0.000 0.000 1.000)

13.903852462768555
(-0.286 0.141 -0.948 -0.434
 -0.652 0.696 0.300 0.934
 0.702 0.704 -0.107 1.823
 0.000 0.000 0.000 1.000)

13.920547485351562
(-0.302 0.065 -0.951 -0.436
 -0.704 0.657 0.268 0.938
 0.643 0.751 -0.152 1.823
 0.000 0.000 0.000 1.000)

13.937193870544434
(-0.315 -0.007 -0.949 -0.437
 -0.750 0.614 0.244 0.943
 0.581 0.789 -0.199 1.822
 0.000 0.000 0.000 1.000)

13.95391845703125
(-0.260 -0.096 -0.961 -0.438
 -0.840 0.514 0.176 0.953
 0.477 0.853 -0.214 1.824
 0.000 0.000 0.000 1.000)

13.970531463623047
(-0.221 -0.122 -0.968 -0.436
 -0.871 0.470 0.140 0.959
 0.438 0.874 -0.211 1.824
 0.000 0.000 0.000 1.000)

14.002989768981934
(-0.183 -0.131 -0.974 -0.432
 -0.888 0.448 0.106 0.967
 0.422 0.885 -0.198 1.822
 0.000 0.000 0.000 1.000)

14.02059555053711
(-0.143 -0.119 -0.983 -0.426
 -0.897 0.436 0.077 0.977
 0.419 0.892 -0.169 1.818
 0.000 0.000 0.000 1.000)

14.03731918334961
(-0.108 -0.089 -0.990 -0.419
 -0.895 0.443 0.058 0.989
 0.433 0.892 -0.127 1.812
 0.000 0.000 0.000 1.000)

14.053963661193848
(-0.073 -0.056 -0.996 -0.410
 -0.883 0.469 0.039 1.004
 0.464 0.882 -0.084 1.805
 0.000 0.000 0.000 1.000)

14.070568084716797
(-0.013 -0.021 -1.000 -0.400
 -0.859 0.512 0.001 1.018
 0.512 0.859 -0.025 1.799
 0.000 0.000 0.000 1.000)

14.087211608886719
(0.035 -0.004 -0.999 -0.390
 -0.835 0.549 -0.032 1.034
 0.549 0.836 0.016 1.791
 0.000 0.000 0.000 1.000)

14.103997230529785
(0.097 -0.002 -0.995 -0.381
 -0.813 0.577 -0.080 1.051
 0.574 0.817 0.054 1.783
 0.000 0.000 0.000 1.000)

14.120658874511719
(0.166 0.001 -0.986 -0.373
 -0.777 0.616 -0.130 1.068
 0.608 0.787 0.103 1.774
 0.000 0.000 0.000 1.000)

14.137361526489258
(0.232 0.006 -0.973 -0.363
 -0.739 0.651 -0.173 1.087
 0.632 0.759 0.155 1.764
 0.000 0.000 0.000 1.000)

14.153985023498535
(0.283 0.009 -0.959 -0.356
 -0.708 0.677 -0.203 1.104
 0.647 0.736 0.198 1.753
 0.000 0.000 0.000 1.000)

14.170639038085938
(0.335 0.014 -0.942 -0.349
 -0.671 0.705 -0.229 1.122
 0.661 0.709 0.246 1.739
 0.000 0.000 0.000 1.000)

14.187289237976074
(0.431 0.017 -0.902 -0.336
 -0.598 0.755 -0.271 1.153
 0.676 0.656 0.335 1.713
 0.000 0.000 0.000 1.000)

14.204042434692383
(0.480 0.022 -0.877 -0.331
 -0.557 0.780 -0.285 1.166
 0.678 0.626 0.386 1.699
 0.000 0.000 0.000 1.000)

14.220728874206543
(0.528 0.032 -0.849 -0.327
 -0.519 0.803 -0.292 1.178
 0.673 0.595 0.440 1.685
 0.000 0.000 0.000 1.000)

14.253141403198242
(0.573 0.043 -0.818 -0.322
 -0.486 0.822 -0.297 1.187
 0.660 0.568 0.492 1.672
 0.000 0.000 0.000 1.000)

14.270671844482422
(0.612 0.054 -0.789 -0.318
 -0.459 0.836 -0.300 1.196
 0.644 0.545 0.537 1.659
 0.000 0.000 0.000 1.000)

14.287334442138672
(0.643 0.066 -0.763 -0.315
 -0.446 0.842 -0.304 1.203
 0.622 0.536 0.571 1.648
 0.000 0.000 0.000 1.000)

14.304064750671387
(0.665 0.077 -0.743 -0.312
 -0.444 0.840 -0.311 1.210
 0.600 0.537 0.593 1.637
 0.000 0.000 0.000 1.000)

14.320755958557129
(0.679 0.091 -0.728 -0.310
 -0.453 0.833 -0.319 1.215
 0.578 0.546 0.607 1.628
 0.000 0.000 0.000 1.000)

14.337451934814453
(0.685 0.105 -0.721 -0.308
 -0.467 0.823 -0.323 1.218
 0.559 0.558 0.613 1.621
 0.000 0.000 0.000 1.000)

14.354084968566895
(0.683 0.121 -0.720 -0.307
 -0.484 0.814 -0.322 1.219
 0.547 0.568 0.614 1.615
 0.000 0.000 0.000 1.000)

14.370704650878906
(0.678 0.136 -0.723 -0.306
 -0.502 0.804 -0.319 1.220
 0.538 0.579 0.613 1.612
 0.000 0.000 0.000 1.000)

14.387443542480469
(0.667 0.150 -0.730 -0.305
 -0.519 0.797 -0.310 1.219
 0.535 0.585 0.609 1.609
 0.000 0.000 0.000 1.000)

14.404129028320312
(0.654 0.163 -0.739 -0.305
 -0.534 0.792 -0.297 1.216
 0.537 0.588 0.605 1.608
 0.000 0.000 0.000 1.000)

14.420852661132812
(0.612 0.188 -0.768 -0.307
 -0.564 0.785 -0.257 1.210
 0.554 0.590 0.587 1.609
 0.000 0.000 0.000 1.000)

14.437511444091797
(0.589 0.196 -0.784 -0.309
 -0.578 0.781 -0.238 1.205
 0.566 0.593 0.573 1.611
 0.000 0.000 0.000 1.000)

14.454156875610352
(0.563 0.202 -0.801 -0.312
 -0.588 0.779 -0.217 1.200
 0.580 0.594 0.557 1.614
 0.000 0.000 0.000 1.000)

14.470803260803223
(0.539 0.204 -0.817 -0.316
 -0.602 0.771 -0.205 1.195
 0.589 0.603 0.538 1.618
 0.000 0.000 0.000 1.000)

14.503294944763184
(0.516 0.198 -0.834 -0.320
 -0.611 0.767 -0.196 1.189
 0.600 0.611 0.516 1.624
 0.000 0.000 0.000 1.000)

14.520904541015625
(0.489 0.194 -0.850 -0.324
 -0.623 0.760 -0.185 1.183
 0.610 0.621 0.493 1.630
 0.000 0.000 0.000 1.000)

14.53754711151123
(0.460 0.191 -0.867 -0.329
 -0.633 0.755 -0.169 1.176
 0.623 0.627 0.469 1.637
 0.000 0.000 0.000 1.000)

14.554205894470215
(0.429 0.187 -0.884 -0.335
 -0.633 0.760 -0.146 1.168
 0.644 0.623 0.444 1.645
 0.000 0.000 0.000 1.000)

14.570878028869629
(0.391 0.185 -0.902 -0.342
 -0.634 0.764 -0.118 1.159
 0.667 0.618 0.415 1.654
 0.000 0.000 0.000 1.000)

14.587754249572754
(0.348 0.185 -0.919 -0.350
 -0.629 0.773 -0.082 1.149
 0.695 0.607 0.385 1.664
 0.000 0.000 0.000 1.000)

14.604284286499023
(0.301 0.184 -0.936 -0.360
 -0.623 0.781 -0.046 1.138
 0.723 0.596 0.350 1.675
 0.000 0.000 0.000 1.000)

14.620965957641602
(0.252 0.182 -0.951 -0.371
 -0.616 0.788 -0.012 1.128
 0.747 0.588 0.310 1.687
 0.000 0.000 0.000 1.000)

14.63762378692627
(0.199 0.176 -0.964 -0.382
 -0.615 0.788 0.017 1.117
 0.763 0.589 0.265 1.698
 0.000 0.000 0.000 1.000)

14.654309272766113
(0.143 0.171 -0.975 -0.394
 -0.610 0.791 0.049 1.106
 0.780 0.588 0.217 1.708
 0.000 0.000 0.000 1.000)

14.67099666595459
(0.037 0.177 -0.984 -0.419
 -0.598 0.793 0.120 1.087
 0.801 0.584 0.135 1.727
 0.000 0.000 0.000 1.000)

14.687682151794434
(-0.011 0.185 -0.983 -0.432
 -0.591 0.791 0.156 1.078
 0.806 0.583 0.100 1.734
 0.000 0.000 0.000 1.000)

14.704317092895508
(-0.058 0.191 -0.980 -0.442
 -0.579 0.793 0.189 1.070
 0.813 0.578 0.064 1.739
 0.000 0.000 0.000 1.000)

14.736770629882812
(-0.096 0.199 -0.975 -0.452
 -0.568 0.794 0.218 1.062
 0.817 0.575 0.037 1.743
 0.000 0.000 0.000 1.000)

14.754368782043457
(-0.125 0.207 -0.970 -0.460
 -0.575 0.782 0.241 1.058
 0.808 0.588 0.022 1.744
 0.000 0.000 0.000 1.000)

14.771086692810059
(-0.147 0.206 -0.968 -0.468
 -0.592 0.765 0.253 1.055
 0.792 0.610 0.010 1.745
 0.000 0.000 0.000 1.000)

14.7877779006958
(-0.157 0.201 -0.967 -0.475
 -0.604 0.755 0.255 1.052
 0.781 0.624 0.003 1.745
 0.000 0.000 0.000 1.000)

14.804367065429688
(-0.157 0.191 -0.969 -0.482
 -0.604 0.758 0.247 1.047
 0.781 0.624 -0.004 1.746
 0.000 0.000 0.000 1.000)

14.821094512939453
(-0.181 0.165 -0.970 -0.484
 -0.624 0.743 0.243 1.047
 0.761 0.648 -0.031 1.745
 0.000 0.000 0.000 1.000)

14.837728500366211
(-0.180 0.151 -0.972 -0.489
 -0.641 0.731 0.233 1.047
 0.746 0.665 -0.035 1.743
 0.000 0.000 0.000 1.000)

14.854412078857422
(-0.170 0.142 -0.975 -0.493
 -0.656 0.722 0.220 1.048
 0.735 0.677 -0.029 1.742
 0.000 0.000 0.000 1.000)

14.871089935302734
(-0.175 0.142 -0.974 -0.497
 -0.645 0.731 0.222 1.048
 0.744 0.667 -0.036 1.742
 0.000 0.000 0.000 1.000)

14.887768745422363
(-0.186 0.142 -0.972 -0.498
 -0.634 0.739 0.229 1.051
 0.751 0.659 -0.048 1.740
 0.000 0.000 0.000 1.000)

14.90444278717041
(-0.187 0.143 -0.972 -0.499
 -0.605 0.762 0.229 1.059
 0.774 0.631 -0.056 1.736
 0.000 0.000 0.000 1.000)

14.921260833740234
(-0.167 0.135 -0.977 -0.497
 -0.582 0.786 0.208 1.062
 0.796 0.603 -0.053 1.734
 0.000 0.000 0.000 1.000)

14.937792778015137
(-0.144 0.125 -0.982 -0.494
 -0.559 0.808 0.185 1.067
 0.817 0.575 -0.047 1.731
 0.000 0.000 0.000 1.000)

14.954540252685547
(-0.114 0.109 -0.987 -0.491
 -0.542 0.826 0.154 1.073
 0.833 0.553 -0.035 1.728
 0.000 0.000 0.000 1.000)

14.986970901489258
(-0.077 0.086 -0.993 -0.486
 -0.544 0.831 0.115 1.080
 0.836 0.549 -0.017 1.722
 0.000 0.000 0.000 1.000)

15.004575729370117
(-0.028 0.069 -0.997 -0.482
 -0.537 0.840 0.073 1.086
 0.843 0.538 0.014 1.716
 0.000 0.000 0.000 1.000)

15.021206855773926
(0.019 0.050 -0.999 -0.479
 -0.538 0.842 0.032 1.094
 0.842 0.537 0.043 1.709
 0.000 0.000 0.000 1.000)

15.037927627563477
(0.062 0.037 -0.997 -0.476
 -0.533 0.846 -0.002 1.099
 0.844 0.532 0.073 1.702
 0.000 0.000 0.000 1.000)

15.054596900939941
(0.097 0.036 -0.995 -0.475
 -0.535 0.845 -0.022 1.106
 0.839 0.534 0.101 1.692
 0.000 0.000 0.000 1.000)

15.071252822875977
(0.121 0.040 -0.992 -0.473
 -0.528 0.849 -0.030 1.111
 0.841 0.527 0.124 1.682
 0.000 0.000 0.000 1.000)

15.087947845458984
(0.147 0.049 -0.988 -0.471
 -0.520 0.854 -0.035 1.117
 0.842 0.518 0.151 1.672
 0.000 0.000 0.000 1.000)

15.104629516601562
(0.168 0.060 -0.984 -0.470
 -0.505 0.862 -0.034 1.121
 0.847 0.503 0.175 1.662
 0.000 0.000 0.000 1.000)

15.121257781982422
(0.189 0.072 -0.979 -0.468
 -0.487 0.873 -0.030 1.125
 0.852 0.483 0.200 1.650
 0.000 0.000 0.000 1.000)

15.137981414794922
(0.215 0.091 -0.972 -0.467
 -0.460 0.888 -0.019 1.129
 0.862 0.451 0.233 1.637
 0.000 0.000 0.000 1.000)

15.154669761657715
(0.291 0.146 -0.945 -0.461
 -0.375 0.927 0.027 1.135
 0.880 0.346 0.325 1.609
 0.000 0.000 0.000 1.000)

15.171329498291016
(0.336 0.171 -0.926 -0.458
 -0.315 0.947 0.060 1.137
 0.888 0.272 0.372 1.594
 0.000 0.000 0.000 1.000)

15.188020706176758
(0.380 0.185 -0.906 -0.456
 -0.260 0.962 0.087 1.138
 0.888 0.202 0.413 1.580
 0.000 0.000 0.000 1.000)

15.204681396484375
(0.412 0.193 -0.891 -0.453
 -0.205 0.972 0.116 1.138
 0.888 0.135 0.440 1.566
 0.000 0.000 0.000 1.000)

15.237125396728516
(0.440 0.197 -0.876 -0.450
 -0.152 0.978 0.143 1.138
 0.885 0.070 0.460 1.554
 0.000 0.000 0.000 1.000)

15.254714012145996
(0.459 0.200 -0.866 -0.448
 -0.110 0.980 0.168 1.137
 0.882 0.018 0.471 1.543
 0.000 0.000 0.000 1.000)

15.271402359008789
(0.466 0.202 -0.861 -0.446
 -0.078 0.979 0.188 1.135
 0.881 -0.021 0.472 1.534
 0.000 0.000 0.000 1.000)

15.288058280944824
(0.469 0.206 -0.859 -0.444
 -0.051 0.977 0.207 1.132
 0.882 -0.053 0.468 1.527
 0.000 0.000 0.000 1.000)

15.304703712463379
(0.468 0.218 -0.857 -0.443
 -0.035 0.973 0.228 1.127
 0.883 -0.077 0.463 1.521
 0.000 0.000 0.000 1.000)

15.321434020996094
(0.464 0.236 -0.854 -0.442
 -0.031 0.968 0.251 1.123
 0.885 -0.090 0.457 1.516
 0.000 0.000 0.000 1.000)

15.338125228881836
(0.463 0.259 -0.848 -0.442
 -0.038 0.961 0.272 1.117
 0.886 -0.093 0.455 1.513
 0.000 0.000 0.000 1.000)

15.354804039001465
(0.456 0.283 -0.844 -0.442
 -0.059 0.956 0.289 1.112
 0.888 -0.081 0.453 1.510
 0.000 0.000 0.000 1.000)

15.371499061584473
(0.446 0.305 -0.842 -0.442
 -0.088 0.951 0.298 1.106
 0.891 -0.059 0.451 1.507
 0.000 0.000 0.000 1.000)

15.388160705566406
(0.420 0.350 -0.837 -0.444
 -0.160 0.937 0.312 1.095
 0.893 0.003 0.450 1.504
 0.000 0.000 0.000 1.000)

15.40481948852539
(0.409 0.372 -0.833 -0.445
 -0.188 0.928 0.322 1.089
 0.893 0.025 0.450 1.503
 0.000 0.000 0.000 1.000)

15.421459197998047
(0.397 0.395 -0.828 -0.446
 -0.211 0.918 0.337 1.084
 0.893 0.041 0.448 1.502
 0.000 0.000 0.000 1.000)

15.438179016113281
(0.389 0.418 -0.821 -0.447
 -0.223 0.907 0.356 1.079
 0.894 0.045 0.446 1.502
 0.000 0.000 0.000 1.000)

15.470601081848145
(0.382 0.438 -0.814 -0.448
 -0.227 0.898 0.377 1.075
 0.896 0.040 0.443 1.503
 0.000 0.000 0.000 1.000)

15.488162994384766
(0.376 0.453 -0.809 -0.448
 -0.226 0.891 0.394 1.071
 0.899 0.034 0.437 1.503
 0.000 0.000 0.000 1.000)

15.50485610961914
(0.369 0.466 -0.804 -0.448
 -0.212 0.885 0.415 1.067
 0.905 0.017 0.425 1.504
 0.000 0.000 0.000 1.000)

15.521514892578125
(0.367 0.477 -0.798 -0.449
 -0.193 0.879 0.437 1.065
 0.910 -0.007 0.415 1.505
 0.000 0.000 0.000 1.000)

15.53819465637207
(0.372 0.484 -0.792 -0.449
 -0.172 0.875 0.453 1.063
 0.912 -0.032 0.408 1.506
 0.000 0.000 0.000 1.000)

15.554877281188965
(0.379 0.487 -0.787 -0.449
 -0.149 0.872 0.467 1.061
 0.913 -0.059 0.403 1.508
 0.000 0.000 0.000 1.000)

15.571611404418945
(0.385 0.488 -0.783 -0.449
 -0.132 0.869 0.477 1.060
 0.913 -0.081 0.399 1.510
 0.000 0.000 0.000 1.000)

15.588229179382324
(0.399 0.489 -0.776 -0.448
 -0.124 0.867 0.482 1.060
 0.909 -0.096 0.406 1.511
 0.000 0.000 0.000 1.000)

15.604950904846191
(0.411 0.484 -0.772 -0.448
 -0.124 0.869 0.478 1.060
 0.903 -0.101 0.418 1.512
 0.000 0.000 0.000 1.000)

15.62160873413086
(0.420 0.478 -0.772 -0.447
 -0.129 0.873 0.470 1.060
 0.898 -0.098 0.428 1.511
 0.000 0.000 0.000 1.000)

15.638286590576172
(0.433 0.467 -0.771 -0.444
 -0.138 0.879 0.455 1.061
 0.891 -0.091 0.445 1.510
 0.000 0.000 0.000 1.000)

15.654952049255371
(0.440 0.465 -0.768 -0.444
 -0.143 0.881 0.452 1.062
 0.886 -0.089 0.454 1.509
 0.000 0.000 0.000 1.000)

15.671623229980469
(0.447 0.465 -0.764 -0.443
 -0.146 0.881 0.450 1.063
 0.882 -0.089 0.462 1.508
 0.000 0.000 0.000 1.000)

15.688261985778809
(0.453 0.466 -0.760 -0.442
 -0.146 0.880 0.452 1.063
 0.880 -0.094 0.466 1.507
 0.000 0.000 0.000 1.000)

15.720754623413086
(0.458 0.467 -0.757 -0.441
 -0.140 0.878 0.457 1.063
 0.878 -0.103 0.468 1.506
 0.000 0.000 0.000 1.000)

15.7383451461792
(0.461 0.467 -0.754 -0.440
 -0.136 0.877 0.460 1.063
 0.877 -0.110 0.469 1.505
 0.000 0.000 0.000 1.000)

15.75505256652832
(0.466 0.467 -0.752 -0.439
 -0.132 0.877 0.463 1.063
 0.875 -0.117 0.470 1.505
 0.000 0.000 0.000 1.000)

15.771713256835938
(0.469 0.466 -0.750 -0.438
 -0.128 0.876 0.465 1.062
 0.874 -0.122 0.470 1.504
 0.000 0.000 0.000 1.000)

15.788359642028809
(0.473 0.467 -0.748 -0.438
 -0.124 0.875 0.468 1.062
 0.872 -0.128 0.472 1.503
 0.000 0.000 0.000 1.000)

15.805051803588867
(0.474 0.469 -0.745 -0.437
 -0.123 0.873 0.471 1.061
 0.872 -0.132 0.472 1.503
 0.000 0.000 0.000 1.000)

15.821742057800293
(0.476 0.472 -0.742 -0.437
 -0.119 0.870 0.478 1.060
 0.871 -0.139 0.470 1.502
 0.000 0.000 0.000 1.000)

15.838380813598633
(0.476 0.477 -0.739 -0.437
 -0.112 0.866 0.486 1.059
 0.872 -0.148 0.466 1.502
 0.000 0.000 0.000 1.000)

15.855072975158691
(0.475 0.482 -0.736 -0.437
 -0.107 0.862 0.496 1.058
 0.873 -0.157 0.461 1.502
 0.000 0.000 0.000 1.000)

15.871722221374512
(0.470 0.495 -0.731 -0.438
 -0.104 0.853 0.511 1.054
 0.877 -0.164 0.452 1.504
 0.000 0.000 0.000 1.000)

15.888420104980469
(0.465 0.502 -0.729 -0.438
 -0.102 0.848 0.519 1.052
 0.880 -0.167 0.445 1.504
 0.000 0.000 0.000 1.000)

15.905118942260742
(0.458 0.510 -0.729 -0.439
 -0.097 0.843 0.529 1.050
 0.884 -0.172 0.435 1.505
 0.000 0.000 0.000 1.000)

15.921818733215332
(0.450 0.518 -0.727 -0.440
 -0.089 0.837 0.541 1.049
 0.889 -0.179 0.423 1.506
 0.000 0.000 0.000 1.000)

15.954231262207031
(0.446 0.525 -0.725 -0.441
 -0.081 0.830 0.552 1.047
 0.891 -0.188 0.413 1.507
 0.000 0.000 0.000 1.000)

15.971833229064941
(0.445 0.530 -0.722 -0.442
 -0.075 0.826 0.559 1.046
 0.892 -0.195 0.408 1.508
 0.000 0.000 0.000 1.000)

15.988493919372559
(0.445 0.532 -0.721 -0.443
 -0.070 0.823 0.564 1.045
 0.893 -0.201 0.404 1.509
 0.000 0.000 0.000 1.000)

16.00519371032715
(0.445 0.531 -0.721 -0.443
 -0.065 0.822 0.566 1.044
 0.893 -0.205 0.400 1.509
 0.000 0.000 0.000 1.000)

16.02187156677246
(0.445 0.531 -0.721 -0.444
 -0.060 0.821 0.567 1.043
 0.893 -0.210 0.397 1.509
 0.000 0.000 0.000 1.000)

16.03852653503418
(0.445 0.529 -0.722 -0.444
 -0.055 0.821 0.568 1.042
 0.894 -0.213 0.395 1.510
 0.000 0.000 0.000 1.000)

16.055185317993164
(0.447 0.528 -0.723 -0.445
 -0.052 0.821 0.568 1.042
 0.893 -0.216 0.394 1.510
 0.000 0.000 0.000 1.000)

16.071849822998047
(0.448 0.526 -0.723 -0.445
 -0.049 0.822 0.568 1.041
 0.893 -0.219 0.393 1.510
 0.000 0.000 0.000 1.000)

16.08853530883789
(0.449 0.523 -0.724 -0.445
 -0.044 0.822 0.567 1.041
 0.892 -0.223 0.393 1.509
 0.000 0.000 0.000 1.000)

16.105182647705078
(0.451 0.521 -0.725 -0.445
 -0.040 0.823 0.567 1.041
 0.892 -0.226 0.392 1.509
 0.000 0.000 0.000 1.000)

16.12188720703125
(0.454 0.515 -0.727 -0.445
 -0.031 0.824 0.565 1.041
 0.890 -0.234 0.391 1.509
 0.000 0.000 0.000 1.000)

16.138587951660156
(0.456 0.512 -0.728 -0.445
 -0.027 0.825 0.564 1.041
 0.890 -0.238 0.390 1.509
 0.000 0.000 0.000 1.000)

16.15522575378418
(0.457 0.509 -0.730 -0.444
 -0.019 0.826 0.564 1.041
 0.889 -0.244 0.387 1.509
 0.000 0.000 0.000 1.000)

16.171955108642578
(0.457 0.505 -0.732 -0.444
 -0.011 0.826 0.563 1.041
 0.890 -0.249 0.383 1.509
 0.000 0.000 0.000 1.000)

16.20438575744629
(0.457 0.501 -0.735 -0.443
 -0.000 0.826 0.563 1.041
 0.889 -0.257 0.378 1.509
 0.000 0.000 0.000 1.000)

16.221988677978516
(0.458 0.496 -0.738 -0.442
 0.016 0.825 0.564 1.041
 0.889 -0.270 0.369 1.510
 0.000 0.000 0.000 1.000)

16.238656997680664
(0.457 0.490 -0.742 -0.442
 0.029 0.825 0.564 1.042
 0.889 -0.280 0.363 1.510
 0.000 0.000 0.000 1.000)

16.25534439086914
(0.458 0.484 -0.746 -0.441
 0.042 0.826 0.562 1.043
 0.888 -0.288 0.358 1.510
 0.000 0.000 0.000 1.000)

16.271997451782227
(0.456 0.477 -0.752 -0.440
 0.051 0.829 0.557 1.045
 0.889 -0.293 0.353 1.510
 0.000 0.000 0.000 1.000)

16.288684844970703
(0.454 0.472 -0.756 -0.440
 0.052 0.833 0.551 1.046
 0.889 -0.289 0.354 1.509
 0.000 0.000 0.000 1.000)

16.305360794067383
(0.455 0.467 -0.758 -0.440
 0.046 0.838 0.543 1.047
 0.889 -0.282 0.360 1.509
 0.000 0.000 0.000 1.000)

16.322065353393555
(0.452 0.463 -0.762 -0.440
 0.040 0.843 0.536 1.048
 0.891 -0.273 0.363 1.508
 0.000 0.000 0.000 1.000)

16.33875274658203
(0.452 0.461 -0.763 -0.440
 0.034 0.846 0.532 1.048
 0.891 -0.267 0.367 1.507
 0.000 0.000 0.000 1.000)

16.355426788330078
(0.453 0.461 -0.763 -0.440
 0.032 0.847 0.531 1.048
 0.891 -0.265 0.369 1.507
 0.000 0.000 0.000 1.000)

16.3720760345459
(0.454 0.461 -0.762 -0.440
 0.035 0.845 0.533 1.048
 0.890 -0.269 0.368 1.507
 0.000 0.000 0.000 1.000)

16.388769149780273
(0.456 0.462 -0.761 -0.440
 0.037 0.844 0.535 1.048
 0.889 -0.272 0.367 1.507
 0.000 0.000 0.000 1.000)

16.405431747436523
(0.458 0.462 -0.760 -0.440
 0.040 0.843 0.537 1.048
 0.888 -0.276 0.367 1.507
 0.000 0.000 0.000 1.000)

16.422109603881836
(0.459 0.462 -0.759 -0.440
 0.042 0.842 0.538 1.047
 0.887 -0.279 0.367 1.507
 0.000 0.000 0.000 1.000)

16.454538345336914
(0.460 0.462 -0.758 -0.440
 0.041 0.842 0.538 1.047
 0.887 -0.278 0.369 1.507
 0.000 0.000 0.000 1.000)

16.47214126586914
(0.461 0.462 -0.758 -0.441
 0.038 0.843 0.537 1.047
 0.887 -0.276 0.371 1.507
 0.000 0.000 0.000 1.000)

16.488798141479492
(0.460 0.463 -0.758 -0.441
 0.036 0.843 0.537 1.047
 0.887 -0.274 0.372 1.508
 0.000 0.000 0.000 1.000)

16.50550079345703
(0.460 0.464 -0.757 -0.441
 0.034 0.843 0.537 1.046
 0.887 -0.273 0.372 1.508
 0.000 0.000 0.000 1.000)

16.522165298461914
(0.459 0.465 -0.757 -0.442
 0.033 0.843 0.537 1.046
 0.888 -0.272 0.372 1.508
 0.000 0.000 0.000 1.000)

16.53883171081543
(0.458 0.466 -0.757 -0.442
 0.030 0.843 0.537 1.046
 0.888 -0.269 0.372 1.509
 0.000 0.000 0.000 1.000)

16.55553436279297
(0.455 0.467 -0.758 -0.442
 0.030 0.843 0.537 1.046
 0.890 -0.267 0.370 1.509
 0.000 0.000 0.000 1.000)

16.572181701660156
(0.454 0.469 -0.757 -0.442
 0.026 0.843 0.538 1.045
 0.891 -0.264 0.370 1.509
 0.000 0.000 0.000 1.000)

16.588890075683594
(0.452 0.471 -0.758 -0.443
 0.027 0.842 0.539 1.045
 0.891 -0.264 0.368 1.509
 0.000 0.000 0.000 1.000)

16.6055908203125
(0.453 0.472 -0.756 -0.443
 0.026 0.841 0.540 1.045
 0.891 -0.264 0.369 1.510
 0.000 0.000 0.000 1.000)

16.62221908569336
(0.454 0.472 -0.755 -0.443
 0.025 0.841 0.541 1.045
 0.890 -0.265 0.370 1.510
 0.000 0.000 0.000 1.000)

16.63886260986328
(0.456 0.472 -0.754 -0.443
 0.024 0.841 0.541 1.045
 0.890 -0.264 0.372 1.510
 0.000 0.000 0.000 1.000)

16.65564727783203
(0.456 0.471 -0.755 -0.443
 0.023 0.842 0.539 1.045
 0.890 -0.263 0.373 1.510
 0.000 0.000 0.000 1.000)

16.68801498413086
(0.454 0.470 -0.757 -0.443
 0.024 0.843 0.538 1.045
 0.891 -0.263 0.371 1.510
 0.000 0.000 0.000 1.000)

16.70558738708496
(0.455 0.469 -0.757 -0.443
 0.024 0.843 0.537 1.045
 0.890 -0.263 0.372 1.510
 0.000 0.000 0.000 1.000)

16.722253799438477
(0.456 0.468 -0.757 -0.443
 0.027 0.843 0.537 1.045
 0.890 -0.265 0.372 1.510
 0.000 0.000 0.000 1.000)

16.73894500732422
(0.456 0.468 -0.757 -0.443
 0.028 0.843 0.537 1.045
 0.890 -0.266 0.371 1.510
 0.000 0.000 0.000 1.000)

16.755626678466797
(0.455 0.468 -0.758 -0.443
 0.030 0.842 0.538 1.045
 0.890 -0.268 0.369 1.510
 0.000 0.000 0.000 1.000)

16.77228355407715
(0.454 0.468 -0.758 -0.443
 0.029 0.843 0.538 1.045
 0.890 -0.266 0.369 1.510
 0.000 0.000 0.000 1.000)

16.788999557495117
(0.454 0.467 -0.759 -0.443
 0.029 0.843 0.537 1.045
 0.891 -0.265 0.369 1.510
 0.000 0.000 0.000 1.000)

16.805675506591797
(0.452 0.467 -0.760 -0.443
 0.028 0.844 0.536 1.045
 0.891 -0.263 0.369 1.510
 0.000 0.000 0.000 1.000)

16.822330474853516
(0.452 0.467 -0.760 -0.443
 0.026 0.845 0.535 1.046
 0.891 -0.262 0.370 1.510
 0.000 0.000 0.000 1.000)

16.839048385620117
(0.452 0.466 -0.760 -0.443
 0.027 0.845 0.534 1.046
 0.891 -0.262 0.370 1.510
 0.000 0.000 0.000 1.000)

16.85568618774414
(0.452 0.466 -0.761 -0.442
 0.027 0.846 0.533 1.046
 0.891 -0.261 0.370 1.510
 0.000 0.000 0.000 1.000)

16.872373580932617
(0.453 0.465 -0.761 -0.442
 0.027 0.846 0.533 1.046
 0.891 -0.262 0.371 1.510
 0.000 0.000 0.000 1.000)

16.8890380859375
(0.453 0.464 -0.761 -0.442
 0.028 0.846 0.532 1.046
 0.891 -0.263 0.370 1.510
 0.000 0.000 0.000 1.000)

16.90573501586914
(0.454 0.463 -0.762 -0.442
 0.029 0.846 0.532 1.047
 0.891 -0.264 0.371 1.510
 0.000 0.000 0.000 1.000)

16.938167572021484
(0.456 0.462 -0.761 -0.442
 0.030 0.847 0.531 1.047
 0.890 -0.265 0.372 1.510
 0.000 0.000 0.000 1.000)

16.955764770507812
(0.456 0.460 -0.761 -0.442
 0.030 0.847 0.530 1.047
 0.889 -0.265 0.373 1.510
 0.000 0.000 0.000 1.000)

16.972423553466797
(0.457 0.459 -0.762 -0.442
 0.030 0.848 0.529 1.047
 0.889 -0.265 0.374 1.509
 0.000 0.000 0.000 1.000)

16.98910903930664
(0.458 0.458 -0.762 -0.442
 0.031 0.848 0.529 1.047
 0.889 -0.265 0.374 1.509
 0.000 0.000 0.000 1.000)

17.00577735900879
(0.458 0.458 -0.762 -0.442
 0.030 0.849 0.528 1.047
 0.888 -0.265 0.375 1.509
 0.000 0.000 0.000 1.000)

17.022506713867188
(0.460 0.457 -0.762 -0.442
 0.029 0.849 0.527 1.047
 0.888 -0.264 0.377 1.509
 0.000 0.000 0.000 1.000)

17.039098739624023
(0.461 0.456 -0.761 -0.442
 0.027 0.850 0.526 1.047
 0.887 -0.263 0.379 1.508
 0.000 0.000 0.000 1.000)

17.055805206298828
(0.462 0.456 -0.760 -0.442
 0.023 0.851 0.524 1.047
 0.886 -0.260 0.383 1.507
 0.000 0.000 0.000 1.000)

17.0725040435791
(0.465 0.455 -0.759 -0.442
 0.009 0.855 0.518 1.047
 0.885 -0.248 0.394 1.506
 0.000 0.000 0.000 1.000)

17.089176177978516
(0.471 0.450 -0.759 -0.443
 -0.039 0.870 0.492 1.048
 0.881 -0.202 0.427 1.501
 0.000 0.000 0.000 1.000)

17.1058406829834
(0.474 0.444 -0.760 -0.442
 -0.066 0.879 0.473 1.049
 0.878 -0.174 0.446 1.498
 0.000 0.000 0.000 1.000)

17.122509002685547
(0.478 0.439 -0.761 -0.442
 -0.089 0.886 0.456 1.050
 0.874 -0.150 0.462 1.496
 0.000 0.000 0.000 1.000)

17.13913917541504
(0.483 0.434 -0.761 -0.442
 -0.100 0.890 0.444 1.051
 0.870 -0.138 0.473 1.493
 0.000 0.000 0.000 1.000)

17.15589141845703
(0.492 0.428 -0.758 -0.442
 -0.099 0.892 0.440 1.052
 0.865 -0.142 0.481 1.492
 0.000 0.000 0.000 1.000)

17.188322067260742
(0.501 0.425 -0.754 -0.442
 -0.092 0.893 0.442 1.053
 0.861 -0.152 0.486 1.490
 0.000 0.000 0.000 1.000)

17.205875396728516
(0.510 0.422 -0.749 -0.441
 -0.081 0.891 0.447 1.054
 0.856 -0.167 0.489 1.489
 0.000 0.000 0.000 1.000)

17.222511291503906
(0.518 0.419 -0.746 -0.441
 -0.070 0.890 0.451 1.054
 0.852 -0.182 0.491 1.487
 0.000 0.000 0.000 1.000)

17.239194869995117
(0.527 0.415 -0.741 -0.441
 -0.069 0.891 0.449 1.054
 0.847 -0.186 0.498 1.485
 0.000 0.000 0.000 1.000)

17.25592613220215
(0.535 0.412 -0.737 -0.441
 -0.077 0.893 0.443 1.055
 0.841 -0.181 0.510 1.484
 0.000 0.000 0.000 1.000)

17.272571563720703
(0.540 0.409 -0.736 -0.441
 -0.087 0.896 0.435 1.055
 0.837 -0.171 0.519 1.482
 0.000 0.000 0.000 1.000)

17.289295196533203
(0.541 0.408 -0.736 -0.442
 -0.097 0.899 0.427 1.055
 0.835 -0.160 0.526 1.480
 0.000 0.000 0.000 1.000)

17.30599594116211
(0.543 0.407 -0.734 -0.442
 -0.114 0.902 0.416 1.055
 0.832 -0.142 0.537 1.479
 0.000 0.000 0.000 1.000)

17.322595596313477
(0.549 0.409 -0.729 -0.442
 -0.147 0.906 0.397 1.056
 0.823 -0.111 0.558 1.475
 0.000 0.000 0.000 1.000)

17.33922004699707
(0.553 0.408 -0.726 -0.443
 -0.159 0.907 0.389 1.056
 0.818 -0.099 0.567 1.473
 0.000 0.000 0.000 1.000)

17.356016159057617
(0.559 0.408 -0.722 -0.443
 -0.173 0.909 0.380 1.057
 0.811 -0.087 0.578 1.470
 0.000 0.000 0.000 1.000)

17.372699737548828
(0.566 0.407 -0.717 -0.444
 -0.180 0.909 0.375 1.058
 0.805 -0.083 0.588 1.468
 0.000 0.000 0.000 1.000)

17.389360427856445
(0.574 0.406 -0.711 -0.444
 -0.190 0.911 0.367 1.058
 0.797 -0.075 0.600 1.466
 0.000 0.000 0.000 1.000)

17.42180061340332
(0.580 0.404 -0.707 -0.445
 -0.201 0.912 0.357 1.060
 0.790 -0.065 0.610 1.464
 0.000 0.000 0.000 1.000)

17.439315795898438
(0.585 0.400 -0.705 -0.445
 -0.208 0.915 0.346 1.061
 0.784 -0.056 0.619 1.462
 0.000 0.000 0.000 1.000)

17.456058502197266
(0.588 0.397 -0.705 -0.445
 -0.216 0.917 0.335 1.063
 0.779 -0.045 0.625 1.459
 0.000 0.000 0.000 1.000)

17.472763061523438
(0.591 0.391 -0.705 -0.445
 -0.222 0.920 0.324 1.065
 0.775 -0.035 0.630 1.457
 0.000 0.000 0.000 1.000)

17.489423751831055
(0.596 0.386 -0.704 -0.445
 -0.226 0.922 0.314 1.067
 0.770 -0.028 0.637 1.454
 0.000 0.000 0.000 1.000)

17.506092071533203
(0.601 0.380 -0.703 -0.446
 -0.229 0.925 0.304 1.070
 0.766 -0.022 0.643 1.452
 0.000 0.000 0.000 1.000)

17.522722244262695
(0.606 0.374 -0.702 -0.446
 -0.227 0.927 0.298 1.072
 0.762 -0.021 0.647 1.450
 0.000 0.000 0.000 1.000)

17.539472579956055
(0.609 0.368 -0.703 -0.446
 -0.226 0.930 0.291 1.074
 0.761 -0.019 0.649 1.447
 0.000 0.000 0.000 1.000)

17.556127548217773
(0.618 0.358 -0.700 -0.446
 -0.230 0.934 0.275 1.079
 0.752 -0.009 0.660 1.443
 0.000 0.000 0.000 1.000)

17.57276725769043
(0.624 0.354 -0.697 -0.447
 -0.234 0.935 0.265 1.081
 0.746 -0.002 0.666 1.442
 0.000 0.000 0.000 1.000)

17.589468002319336
(0.630 0.348 -0.695 -0.447
 -0.240 0.938 0.252 1.083
 0.739 0.008 0.674 1.440
 0.000 0.000 0.000 1.000)

17.60613441467285
(0.635 0.342 -0.693 -0.447
 -0.247 0.939 0.238 1.085
 0.732 0.020 0.681 1.438
 0.000 0.000 0.000 1.000)

17.622783660888672
(0.640 0.339 -0.690 -0.447
 -0.255 0.940 0.225 1.087
 0.725 0.032 0.688 1.437
 0.000 0.000 0.000 1.000)

17.639490127563477
(0.644 0.335 -0.687 -0.447
 -0.263 0.941 0.213 1.089
 0.718 0.043 0.695 1.435
 0.000 0.000 0.000 1.000)

17.671955108642578
(0.647 0.332 -0.686 -0.447
 -0.269 0.942 0.202 1.090
 0.713 0.054 0.699 1.434
 0.000 0.000 0.000 1.000)

17.68946647644043
(0.649 0.329 -0.686 -0.447
 -0.273 0.942 0.194 1.092
 0.710 0.062 0.702 1.432
 0.000 0.000 0.000 1.000)

17.706132888793945
(0.650 0.327 -0.686 -0.447
 -0.273 0.943 0.191 1.093
 0.709 0.063 0.703 1.431
 0.000 0.000 0.000 1.000)

17.722797393798828
(0.652 0.324 -0.686 -0.447
 -0.267 0.944 0.193 1.094
 0.710 0.057 0.702 1.430
 0.000 0.000 0.000 1.000)

17.739484786987305
(0.651 0.323 -0.687 -0.447
 -0.258 0.945 0.200 1.094
 0.714 0.047 0.698 1.430
 0.000 0.000 0.000 1.000)

17.756153106689453
(0.649 0.323 -0.689 -0.446
 -0.247 0.946 0.210 1.094
 0.719 0.034 0.694 1.430
 0.000 0.000 0.000 1.000)

17.7728328704834
(0.647 0.324 -0.691 -0.446
 -0.238 0.946 0.221 1.093
 0.725 0.021 0.689 1.430
 0.000 0.000 0.000 1.000)

17.789480209350586
(0.644 0.325 -0.693 -0.446
 -0.232 0.945 0.229 1.093
 0.730 0.013 0.684 1.430
 0.000 0.000 0.000 1.000)

17.806184768676758
(0.642 0.330 -0.692 -0.447
 -0.235 0.944 0.233 1.092
 0.730 0.013 0.684 1.430
 0.000 0.000 0.000 1.000)

17.822824478149414
(0.643 0.332 -0.690 -0.447
 -0.240 0.943 0.230 1.091
 0.727 0.018 0.686 1.430
 0.000 0.000 0.000 1.000)

17.839473724365234
(0.646 0.333 -0.687 -0.447
 -0.246 0.943 0.225 1.091
 0.723 0.024 0.691 1.429
 0.000 0.000 0.000 1.000)

17.856204986572266
(0.647 0.334 -0.685 -0.447
 -0.248 0.942 0.226 1.090
 0.721 0.024 0.692 1.428
 0.000 0.000 0.000 1.000)

17.872894287109375
(0.649 0.335 -0.683 -0.447
 -0.244 0.942 0.231 1.090
 0.721 0.017 0.693 1.428
 0.000 0.000 0.000 1.000)

17.905431747436523
(0.650 0.336 -0.682 -0.448
 -0.238 0.942 0.238 1.089
 0.722 0.008 0.692 1.427
 0.000 0.000 0.000 1.000)

17.922916412353516
(0.650 0.336 -0.681 -0.448
 -0.231 0.942 0.244 1.088
 0.724 -0.001 0.690 1.427
 0.000 0.000 0.000 1.000)

17.939584732055664
(0.650 0.337 -0.681 -0.448
 -0.223 0.941 0.253 1.087
 0.727 -0.013 0.687 1.427
 0.000 0.000 0.000 1.000)

17.956279754638672
(0.650 0.340 -0.680 -0.448
 -0.213 0.940 0.266 1.085
 0.730 -0.028 0.683 1.427
 0.000 0.000 0.000 1.000)

17.972957611083984
(0.648 0.341 -0.681 -0.448
 -0.201 0.939 0.279 1.084
 0.734 -0.044 0.677 1.427
 0.000 0.000 0.000 1.000)

17.98963165283203
(0.646 0.344 -0.682 -0.448
 -0.189 0.937 0.294 1.082
 0.740 -0.061 0.670 1.427
 0.000 0.000 0.000 1.000)

18.006303787231445
(0.646 0.347 -0.680 -0.448
 -0.177 0.934 0.309 1.080
 0.743 -0.080 0.665 1.427
 0.000 0.000 0.000 1.000)

18.02298927307129
(0.646 0.351 -0.678 -0.448
 -0.160 0.931 0.329 1.078
 0.746 -0.104 0.658 1.427
 0.000 0.000 0.000 1.000)

18.039674758911133
(0.649 0.356 -0.672 -0.448
 -0.114 0.919 0.377 1.073
 0.752 -0.168 0.638 1.428
 0.000 0.000 0.000 1.000)

18.056318283081055
(0.649 0.360 -0.671 -0.448
 -0.095 0.913 0.398 1.070
 0.755 -0.194 0.626 1.429
 0.000 0.000 0.000 1.000)

18.073034286499023
(0.648 0.366 -0.668 -0.448
 -0.082 0.906 0.416 1.067
 0.758 -0.215 0.616 1.430
 0.000 0.000 0.000 1.000)

18.089881896972656
(0.644 0.370 -0.669 -0.449
 -0.073 0.901 0.428 1.065
 0.761 -0.227 0.607 1.431
 0.000 0.000 0.000 1.000)

18.106592178344727
(0.642 0.375 -0.669 -0.449
 -0.070 0.897 0.436 1.063
 0.763 -0.233 0.602 1.431
 0.000 0.000 0.000 1.000)

18.123193740844727
(0.639 0.379 -0.669 -0.449
 -0.071 0.896 0.439 1.061
 0.766 -0.233 0.599 1.431
 0.000 0.000 0.000 1.000)

18.155593872070312
(0.638 0.382 -0.669 -0.449
 -0.078 0.896 0.437 1.060
 0.766 -0.226 0.602 1.431
 0.000 0.000 0.000 1.000)

18.173200607299805
(0.637 0.385 -0.668 -0.450
 -0.087 0.897 0.433 1.058
 0.766 -0.218 0.605 1.431
 0.000 0.000 0.000 1.000)

18.18989372253418
(0.637 0.388 -0.666 -0.450
 -0.093 0.897 0.433 1.057
 0.765 -0.214 0.607 1.431
 0.000 0.000 0.000 1.000)

18.206567764282227
(0.639 0.390 -0.663 -0.450
 -0.097 0.896 0.434 1.056
 0.763 -0.213 0.611 1.431
 0.000 0.000 0.000 1.000)

18.223163604736328
(0.639 0.392 -0.661 -0.451
 -0.098 0.895 0.436 1.056
 0.763 -0.214 0.610 1.431
 0.000 0.000 0.000 1.000)

18.23992156982422
(0.639 0.393 -0.662 -0.451
 -0.095 0.894 0.439 1.055
 0.764 -0.217 0.608 1.432
 0.000 0.000 0.000 1.000)

18.256582260131836
(0.637 0.392 -0.664 -0.451
 -0.089 0.893 0.442 1.054
 0.766 -0.223 0.603 1.432
 0.000 0.000 0.000 1.000)

18.27323341369629
(0.638 0.392 -0.663 -0.451
 -0.083 0.891 0.447 1.054
 0.765 -0.230 0.601 1.432
 0.000 0.000 0.000 1.000)

18.289987564086914
(0.638 0.392 -0.662 -0.451
 -0.079 0.889 0.450 1.053
 0.766 -0.235 0.599 1.432
 0.000 0.000 0.000 1.000)

18.306608200073242
(0.639 0.392 -0.661 -0.450
 -0.081 0.890 0.450 1.052
 0.765 -0.234 0.600 1.432
 0.000 0.000 0.000 1.000)

18.323261260986328
(0.640 0.393 -0.661 -0.450
 -0.081 0.889 0.450 1.052
 0.764 -0.234 0.601 1.432
 0.000 0.000 0.000 1.000)

18.33994483947754
(0.641 0.394 -0.659 -0.450
 -0.082 0.889 0.452 1.051
 0.763 -0.236 0.602 1.433
 0.000 0.000 0.000 1.000)

18.35664939880371
(0.642 0.395 -0.657 -0.450
 -0.081 0.887 0.454 1.051
 0.762 -0.239 0.602 1.433
 0.000 0.000 0.000 1.000)

18.373254776000977
(0.643 0.397 -0.655 -0.450
 -0.080 0.885 0.459 1.050
 0.762 -0.242 0.601 1.433
 0.000 0.000 0.000 1.000)

18.405746459960938
(0.643 0.400 -0.653 -0.450
 -0.079 0.883 0.463 1.049
 0.762 -0.246 0.599 1.433
 0.000 0.000 0.000 1.000)

18.4434871673584
(0.642 0.404 -0.651 -0.450
 -0.080 0.881 0.467 1.048
 0.762 -0.248 0.598 1.433
 0.000 0.000 0.000 1.000)

18.44445037841797
(0.641 0.407 -0.650 -0.450
 -0.082 0.879 0.469 1.047
 0.763 -0.248 0.597 1.433
 0.000 0.000 0.000 1.000)

18.46115493774414
(0.639 0.413 -0.649 -0.450
 -0.090 0.878 0.470 1.046
 0.764 -0.243 0.598 1.433
 0.000 0.000 0.000 1.000)

18.477893829345703
(0.639 0.415 -0.648 -0.450
 -0.095 0.878 0.469 1.046
 0.764 -0.238 0.600 1.433
 0.000 0.000 0.000 1.000)

18.494495391845703
(0.638 0.417 -0.648 -0.450
 -0.102 0.879 0.465 1.045
 0.763 -0.231 0.603 1.433
 0.000 0.000 0.000 1.000)

18.51116180419922
(0.639 0.417 -0.647 -0.451
 -0.109 0.881 0.461 1.045
 0.762 -0.224 0.608 1.432
 0.000 0.000 0.000 1.000)

18.527904510498047
(0.640 0.416 -0.646 -0.451
 -0.113 0.882 0.457 1.045
 0.760 -0.219 0.612 1.432
 0.000 0.000 0.000 1.000)

18.544599533081055
(0.641 0.415 -0.646 -0.451
 -0.115 0.884 0.454 1.046
 0.759 -0.216 0.614 1.432
 0.000 0.000 0.000 1.000)

18.56127166748047
(0.640 0.414 -0.647 -0.451
 -0.117 0.885 0.451 1.046
 0.759 -0.213 0.615 1.431
 0.000 0.000 0.000 1.000)

18.57794189453125
(0.640 0.414 -0.647 -0.451
 -0.120 0.886 0.447 1.047
 0.759 -0.208 0.617 1.431
 0.000 0.000 0.000 1.000)

18.594676971435547
(0.639 0.414 -0.649 -0.450
 -0.127 0.888 0.442 1.048
 0.759 -0.200 0.619 1.430
 0.000 0.000 0.000 1.000)

18.611221313476562
(0.637 0.414 -0.650 -0.450
 -0.134 0.890 0.436 1.048
 0.759 -0.191 0.622 1.430
 0.000 0.000 0.000 1.000)

18.643747329711914
(0.637 0.414 -0.650 -0.450
 -0.140 0.892 0.430 1.049
 0.758 -0.183 0.626 1.430
 0.000 0.000 0.000 1.000)

18.661298751831055
(0.637 0.413 -0.650 -0.450
 -0.145 0.893 0.426 1.049
 0.757 -0.177 0.629 1.430
 0.000 0.000 0.000 1.000)

18.678062438964844
(0.638 0.413 -0.651 -0.450
 -0.148 0.894 0.422 1.049
 0.756 -0.172 0.631 1.430
 0.000 0.000 0.000 1.000)

18.69467544555664
(0.638 0.412 -0.651 -0.450
 -0.150 0.895 0.419 1.050
 0.755 -0.170 0.633 1.430
 0.000 0.000 0.000 1.000)

18.711315155029297
(0.640 0.410 -0.649 -0.450
 -0.149 0.896 0.419 1.050
 0.754 -0.171 0.635 1.430
 0.000 0.000 0.000 1.000)

18.72804069519043
(0.641 0.411 -0.649 -0.450
 -0.148 0.895 0.420 1.049
 0.753 -0.173 0.634 1.430
 0.000 0.000 0.000 1.000)

18.744741439819336
(0.640 0.411 -0.649 -0.450
 -0.147 0.895 0.422 1.049
 0.755 -0.174 0.633 1.430
 0.000 0.000 0.000 1.000)

18.761409759521484
(0.639 0.412 -0.650 -0.450
 -0.147 0.894 0.423 1.048
 0.755 -0.174 0.632 1.430
 0.000 0.000 0.000 1.000)

18.778053283691406
(0.638 0.415 -0.649 -0.450
 -0.151 0.893 0.423 1.048
 0.755 -0.172 0.632 1.429
 0.000 0.000 0.000 1.000)

18.79468536376953
(0.638 0.419 -0.647 -0.450
 -0.159 0.893 0.422 1.047
 0.754 -0.166 0.636 1.429
 0.000 0.000 0.000 1.000)

18.81147575378418
(0.636 0.423 -0.646 -0.451
 -0.164 0.892 0.422 1.046
 0.754 -0.162 0.637 1.429
 0.000 0.000 0.000 1.000)

18.82811737060547
(0.635 0.425 -0.645 -0.451
 -0.167 0.891 0.423 1.046
 0.754 -0.161 0.636 1.429
 0.000 0.000 0.000 1.000)

18.844791412353516
(0.635 0.428 -0.643 -0.452
 -0.173 0.890 0.422 1.045
 0.753 -0.157 0.639 1.429
 0.000 0.000 0.000 1.000)

18.861412048339844
(0.635 0.431 -0.641 -0.452
 -0.180 0.890 0.420 1.045
 0.751 -0.151 0.643 1.429
 0.000 0.000 0.000 1.000)

18.89389419555664
(0.635 0.433 -0.640 -0.452
 -0.186 0.890 0.417 1.044
 0.750 -0.145 0.645 1.429
 0.000 0.000 0.000 1.000)

18.911563873291016
(0.633 0.435 -0.641 -0.453
 -0.191 0.890 0.415 1.044
 0.750 -0.140 0.646 1.429
 0.000 0.000 0.000 1.000)

18.928131103515625
(0.631 0.435 -0.642 -0.453
 -0.196 0.890 0.411 1.044
 0.751 -0.134 0.647 1.429
 0.000 0.000 0.000 1.000)

18.944744110107422
(0.629 0.436 -0.643 -0.453
 -0.199 0.891 0.409 1.044
 0.751 -0.129 0.647 1.429
 0.000 0.000 0.000 1.000)

18.96142578125
(0.629 0.436 -0.644 -0.453
 -0.199 0.891 0.409 1.044
 0.752 -0.129 0.647 1.429
 0.000 0.000 0.000 1.000)

18.978105545043945
(0.627 0.434 -0.646 -0.453
 -0.198 0.892 0.407 1.044
 0.753 -0.127 0.645 1.429
 0.000 0.000 0.000 1.000)

18.99480628967285
(0.626 0.434 -0.648 -0.453
 -0.201 0.893 0.404 1.045
 0.754 -0.123 0.646 1.430
 0.000 0.000 0.000 1.000)

19.011554718017578
(0.625 0.433 -0.650 -0.453
 -0.204 0.894 0.400 1.045
 0.754 -0.118 0.646 1.430
 0.000 0.000 0.000 1.000)

19.028093338012695
(0.623 0.434 -0.651 -0.453
 -0.208 0.894 0.396 1.045
 0.754 -0.112 0.648 1.430
 0.000 0.000 0.000 1.000)

19.044795989990234
(0.622 0.433 -0.652 -0.453
 -0.214 0.895 0.390 1.046
 0.753 -0.103 0.650 1.430
 0.000 0.000 0.000 1.000)

19.061466217041016
(0.621 0.434 -0.653 -0.452
 -0.224 0.897 0.382 1.047
 0.751 -0.091 0.654 1.430
 0.000 0.000 0.000 1.000)

19.078142166137695
(0.619 0.433 -0.655 -0.452
 -0.235 0.898 0.371 1.048
 0.749 -0.076 0.658 1.430
 0.000 0.000 0.000 1.000)

19.094806671142578
(0.618 0.431 -0.657 -0.452
 -0.243 0.900 0.361 1.049
 0.748 -0.064 0.661 1.430
 0.000 0.000 0.000 1.000)

19.111499786376953
(0.617 0.430 -0.660 -0.452
 -0.250 0.902 0.353 1.051
 0.746 -0.053 0.663 1.429
 0.000 0.000 0.000 1.000)

19.1440486907959
(0.616 0.427 -0.662 -0.452
 -0.255 0.903 0.345 1.052
 0.745 -0.044 0.665 1.429
 0.000 0.000 0.000 1.000)

19.16153907775879
(0.617 0.424 -0.664 -0.452
 -0.256 0.905 0.340 1.054
 0.745 -0.040 0.666 1.429
 0.000 0.000 0.000 1.000)

19.1782283782959
(0.617 0.420 -0.666 -0.452
 -0.253 0.907 0.337 1.055
 0.745 -0.040 0.666 1.430
 0.000 0.000 0.000 1.000)

19.194881439208984
(0.618 0.412 -0.670 -0.451
 -0.253 0.911 0.326 1.058
 0.744 -0.032 0.667 1.430
 0.000 0.000 0.000 1.000)

19.21154022216797
(0.617 0.408 -0.673 -0.451
 -0.251 0.912 0.323 1.059
 0.746 -0.030 0.665 1.430
 0.000 0.000 0.000 1.000)

19.22825050354004
(0.618 0.405 -0.673 -0.451
 -0.251 0.914 0.320 1.060
 0.745 -0.029 0.667 1.431
 0.000 0.000 0.000 1.000)

19.244949340820312
(0.618 0.403 -0.675 -0.450
 -0.254 0.915 0.314 1.061
 0.744 -0.023 0.667 1.431
 0.000 0.000 0.000 1.000)

19.261585235595703
(0.617 0.401 -0.677 -0.450
 -0.258 0.916 0.307 1.062
 0.744 -0.015 0.668 1.431
 0.000 0.000 0.000 1.000)

19.27828598022461
(0.616 0.400 -0.679 -0.450
 -0.263 0.917 0.301 1.063
 0.743 -0.006 0.670 1.431
 0.000 0.000 0.000 1.000)

19.29495620727539
(0.615 0.399 -0.680 -0.450
 -0.269 0.917 0.294 1.064
 0.741 0.002 0.671 1.431
 0.000 0.000 0.000 1.000)

19.311634063720703
(0.614 0.397 -0.682 -0.450
 -0.274 0.918 0.288 1.065
 0.741 0.010 0.672 1.431
 0.000 0.000 0.000 1.000)

19.32830810546875
(0.613 0.396 -0.684 -0.450
 -0.279 0.918 0.281 1.066
 0.739 0.018 0.673 1.431
 0.000 0.000 0.000 1.000)

19.344974517822266
(0.614 0.394 -0.684 -0.450
 -0.282 0.919 0.276 1.067
 0.738 0.023 0.675 1.431
 0.000 0.000 0.000 1.000)

19.37752342224121
(0.614 0.393 -0.685 -0.449
 -0.285 0.919 0.273 1.068
 0.737 0.028 0.676 1.431
 0.000 0.000 0.000 1.000)

19.395036697387695
(0.613 0.392 -0.685 -0.449
 -0.287 0.919 0.269 1.068
 0.736 0.032 0.677 1.431
 0.000 0.000 0.000 1.000)

19.411762237548828
(0.613 0.392 -0.686 -0.449
 -0.288 0.919 0.267 1.069
 0.736 0.034 0.677 1.431
 0.000 0.000 0.000 1.000)

19.428356170654297
(0.613 0.389 -0.688 -0.449
 -0.293 0.920 0.260 1.070
 0.734 0.042 0.678 1.432
 0.000 0.000 0.000 1.000)

19.44505500793457
(0.612 0.388 -0.689 -0.449
 -0.293 0.921 0.258 1.071
 0.734 0.044 0.678 1.432
 0.000 0.000 0.000 1.000)

19.461713790893555
(0.612 0.387 -0.689 -0.449
 -0.293 0.921 0.256 1.072
 0.734 0.045 0.677 1.432
 0.000 0.000 0.000 1.000)

19.478404998779297
(0.613 0.386 -0.690 -0.449
 -0.292 0.921 0.257 1.072
 0.735 0.044 0.677 1.432
 0.000 0.000 0.000 1.000)

19.49506950378418
(0.612 0.386 -0.691 -0.449
 -0.290 0.922 0.258 1.072
 0.736 0.043 0.676 1.432
 0.000 0.000 0.000 1.000)

19.511751174926758
(0.611 0.386 -0.691 -0.449
 -0.292 0.921 0.258 1.072
 0.736 0.044 0.675 1.432
 0.000 0.000 0.000 1.000)

19.528430938720703
(0.611 0.386 -0.691 -0.449
 -0.293 0.921 0.255 1.072
 0.735 0.047 0.676 1.432
 0.000 0.000 0.000 1.000)

19.54512596130371
(0.612 0.387 -0.689 -0.449
 -0.299 0.921 0.252 1.072
 0.732 0.052 0.679 1.433
 0.000 0.000 0.000 1.000)

19.561767578125
(0.613 0.387 -0.689 -0.449
 -0.303 0.920 0.248 1.073
 0.730 0.057 0.681 1.433
 0.000 0.000 0.000 1.000)

19.578414916992188
(0.611 0.387 -0.690 -0.449
 -0.305 0.920 0.246 1.073
 0.730 0.060 0.680 1.434
 0.000 0.000 0.000 1.000)

19.595123291015625
(0.608 0.386 -0.693 -0.449
 -0.306 0.920 0.245 1.074
 0.732 0.063 0.678 1.434
 0.000 0.000 0.000 1.000)

19.627670288085938
(0.606 0.385 -0.696 -0.450
 -0.310 0.920 0.239 1.075
 0.733 0.071 0.677 1.434
 0.000 0.000 0.000 1.000)

19.645145416259766
(0.604 0.383 -0.699 -0.450
 -0.314 0.920 0.233 1.076
 0.732 0.079 0.677 1.435
 0.000 0.000 0.000 1.000)

19.661815643310547
(0.602 0.381 -0.701 -0.450
 -0.321 0.920 0.224 1.077
 0.731 0.090 0.677 1.435
 0.000 0.000 0.000 1.000)

19.678560256958008
(0.601 0.375 -0.706 -0.450
 -0.336 0.920 0.202 1.080
 0.725 0.116 0.679 1.436
 0.000 0.000 0.000 1.000)

19.69518280029297
(0.601 0.371 -0.708 -0.450
 -0.344 0.920 0.190 1.082
 0.722 0.130 0.680 1.437
 0.000 0.000 0.000 1.000)

19.71187973022461
(0.600 0.367 -0.711 -0.450
 -0.353 0.919 0.176 1.084
 0.718 0.146 0.681 1.437
 0.000 0.000 0.000 1.000)

19.728530883789062
(0.599 0.363 -0.714 -0.450
 -0.365 0.917 0.160 1.086
 0.713 0.164 0.682 1.437
 0.000 0.000 0.000 1.000)

19.745216369628906
(0.601 0.358 -0.715 -0.449
 -0.376 0.916 0.142 1.088
 0.705 0.184 0.685 1.437
 0.000 0.000 0.000 1.000)

19.761884689331055
(0.603 0.353 -0.715 -0.449
 -0.388 0.914 0.124 1.090
 0.697 0.202 0.688 1.437
 0.000 0.000 0.000 1.000)

19.778615951538086
(0.604 0.348 -0.717 -0.449
 -0.394 0.913 0.110 1.093
 0.693 0.216 0.688 1.438
 0.000 0.000 0.000 1.000)

19.795360565185547
(0.604 0.342 -0.720 -0.449
 -0.400 0.911 0.097 1.095
 0.689 0.229 0.688 1.438
 0.000 0.000 0.000 1.000)

19.812030792236328
(0.607 0.336 -0.720 -0.449
 -0.404 0.911 0.084 1.097
 0.684 0.240 0.689 1.438
 0.000 0.000 0.000 1.000)

19.828712463378906
(0.610 0.330 -0.721 -0.449
 -0.409 0.910 0.070 1.099
 0.679 0.252 0.689 1.438
 0.000 0.000 0.000 1.000)

19.86114501953125
(0.612 0.324 -0.721 -0.449
 -0.414 0.908 0.056 1.101
 0.674 0.264 0.690 1.438
 0.000 0.000 0.000 1.000)

19.878700256347656
(0.615 0.319 -0.721 -0.449
 -0.420 0.907 0.044 1.103
 0.667 0.276 0.692 1.438
 0.000 0.000 0.000 1.000)

19.895442962646484
(0.618 0.316 -0.720 -0.449
 -0.425 0.905 0.032 1.105
 0.662 0.286 0.693 1.437
 0.000 0.000 0.000 1.000)

19.912031173706055
(0.624 0.311 -0.717 -0.449
 -0.435 0.900 0.011 1.108
 0.649 0.305 0.697 1.437
 0.000 0.000 0.000 1.000)

19.92877960205078
(0.627 0.309 -0.715 -0.449
 -0.442 0.897 0.001 1.110
 0.641 0.315 0.699 1.436
 0.000 0.000 0.000 1.000)

19.94545555114746
(0.629 0.308 -0.714 -0.449
 -0.449 0.894 -0.010 1.111
 0.634 0.327 0.701 1.436
 0.000 0.000 0.000 1.000)

19.96211051940918
(0.631 0.306 -0.712 -0.449
 -0.455 0.890 -0.021 1.112
 0.628 0.337 0.701 1.436
 0.000 0.000 0.000 1.000)

19.978797912597656
(0.632 0.305 -0.713 -0.449
 -0.461 0.887 -0.029 1.113
 0.624 0.347 0.701 1.435
 0.000 0.000 0.000 1.000)

19.995563507080078
(0.632 0.303 -0.714 -0.449
 -0.464 0.885 -0.036 1.114
 0.621 0.354 0.699 1.434
 0.000 0.000 0.000 1.000)

20.012136459350586
(0.633 0.300 -0.713 -0.449
 -0.464 0.885 -0.040 1.115
 0.619 0.357 0.700 1.434
 0.000 0.000 0.000 1.000)

20.02873992919922
(0.635 0.298 -0.713 -0.449
 -0.462 0.886 -0.042 1.115
 0.619 0.356 0.700 1.434
 0.000 0.000 0.000 1.000)

20.04539680480957
(0.636 0.296 -0.712 -0.449
 -0.459 0.888 -0.041 1.115
 0.620 0.353 0.701 1.433
 0.000 0.000 0.000 1.000)

20.06209373474121
(0.637 0.296 -0.712 -0.449
 -0.455 0.890 -0.037 1.115
 0.622 0.347 0.701 1.433
 0.000 0.000 0.000 1.000)

20.078739166259766
(0.638 0.297 -0.711 -0.449
 -0.447 0.894 -0.027 1.114
 0.628 0.335 0.703 1.433
 0.000 0.000 0.000 1.000)

20.111297607421875
(0.638 0.299 -0.710 -0.449
 -0.439 0.899 -0.015 1.112
 0.633 0.321 0.704 1.432
 0.000 0.000 0.000 1.000)

20.1287784576416
(0.637 0.303 -0.709 -0.449
 -0.430 0.903 -0.001 1.110
 0.640 0.306 0.705 1.432
 0.000 0.000 0.000 1.000)

20.14548110961914
(0.636 0.305 -0.709 -0.448
 -0.421 0.907 0.012 1.108
 0.647 0.291 0.705 1.432
 0.000 0.000 0.000 1.000)

20.162376403808594
(0.631 0.313 -0.710 -0.448
 -0.393 0.918 0.056 1.101
 0.669 0.244 0.702 1.431
 0.000 0.000 0.000 1.000)

20.17888832092285
(0.630 0.319 -0.708 -0.447
 -0.368 0.925 0.089 1.097
 0.684 0.205 0.700 1.431
 0.000 0.000 0.000 1.000)

20.195674896240234
(0.628 0.326 -0.707 -0.447
 -0.337 0.933 0.130 1.092
 0.702 0.156 0.695 1.430
 0.000 0.000 0.000 1.000)

20.212173461914062
(0.627 0.336 -0.703 -0.447
 -0.303 0.936 0.178 1.086
 0.718 0.101 0.689 1.430
 0.000 0.000 0.000 1.000)

20.228822708129883
(0.625 0.349 -0.698 -0.447
 -0.269 0.936 0.228 1.079
 0.733 0.045 0.679 1.430
 0.000 0.000 0.000 1.000)

20.24550437927246
(0.619 0.365 -0.695 -0.447
 -0.243 0.931 0.273 1.072
 0.747 -0.000 0.665 1.430
 0.000 0.000 0.000 1.000)

20.262184143066406
(0.613 0.382 -0.691 -0.448
 -0.227 0.924 0.309 1.066
 0.757 -0.033 0.653 1.430
 0.000 0.000 0.000 1.000)

20.278865814208984
(0.613 0.400 -0.682 -0.449
 -0.218 0.915 0.340 1.059
 0.760 -0.060 0.648 1.431
 0.000 0.000 0.000 1.000)

20.295509338378906
(0.610 0.415 -0.675 -0.450
 -0.219 0.907 0.360 1.053
 0.761 -0.072 0.644 1.432
 0.000 0.000 0.000 1.000)

20.312219619750977
(0.607 0.427 -0.670 -0.451
 -0.226 0.901 0.370 1.048
 0.762 -0.073 0.643 1.432
 0.000 0.000 0.000 1.000)

20.328903198242188
(0.602 0.436 -0.669 -0.452
 -0.237 0.898 0.372 1.043
 0.763 -0.066 0.643 1.432
 0.000 0.000 0.000 1.000)

20.361448287963867
(0.596 0.442 -0.670 -0.452
 -0.246 0.895 0.371 1.039
 0.764 -0.056 0.643 1.431
 0.000 0.000 0.000 1.000)

20.37891960144043
(0.594 0.446 -0.670 -0.453
 -0.251 0.894 0.372 1.036
 0.764 -0.052 0.643 1.431
 0.000 0.000 0.000 1.000)

20.395660400390625
(0.605 0.454 -0.654 -0.454
 -0.238 0.887 0.396 1.029
 0.760 -0.084 0.644 1.430
 0.000 0.000 0.000 1.000)

20.41238784790039
(0.609 0.458 -0.648 -0.455
 -0.225 0.883 0.413 1.026
 0.761 -0.106 0.640 1.430
 0.000 0.000 0.000 1.000)

20.42902374267578
(0.614 0.461 -0.640 -0.456
 -0.212 0.878 0.429 1.023
 0.760 -0.128 0.637 1.431
 0.000 0.000 0.000 1.000)

20.445755004882812
(0.612 0.464 -0.640 -0.456
 -0.199 0.874 0.443 1.020
 0.765 -0.144 0.628 1.431
 0.000 0.000 0.000 1.000)

20.462404251098633
(0.610 0.469 -0.639 -0.457
 -0.189 0.869 0.457 1.018
 0.769 -0.158 0.619 1.432
 0.000 0.000 0.000 1.000)

20.479097366333008
(0.608 0.472 -0.638 -0.457
 -0.185 0.866 0.464 1.016
 0.772 -0.164 0.614 1.432
 0.000 0.000 0.000 1.000)

20.49576759338379
(0.609 0.476 -0.634 -0.457
 -0.188 0.864 0.468 1.014
 0.770 -0.165 0.616 1.432
 0.000 0.000 0.000 1.000)

20.51242446899414
(0.613 0.479 -0.628 -0.457
 -0.188 0.861 0.473 1.012
 0.767 -0.172 0.618 1.432
 0.000 0.000 0.000 1.000)

20.529123306274414
(0.614 0.481 -0.626 -0.457
 -0.189 0.859 0.475 1.010
 0.766 -0.174 0.618 1.432
 0.000 0.000 0.000 1.000)

20.5457706451416
(0.616 0.482 -0.623 -0.457
 -0.192 0.859 0.475 1.009
 0.764 -0.173 0.622 1.431
 0.000 0.000 0.000 1.000)

20.562488555908203
(0.618 0.484 -0.619 -0.457
 -0.189 0.856 0.480 1.008
 0.763 -0.180 0.621 1.431
 0.000 0.000 0.000 1.000)

20.594921112060547
(0.619 0.485 -0.618 -0.457
 -0.183 0.854 0.488 1.007
 0.764 -0.189 0.617 1.431
 0.000 0.000 0.000 1.000)

20.612503051757812
(0.619 0.485 -0.618 -0.457
 -0.179 0.853 0.490 1.005
 0.765 -0.193 0.615 1.430
 0.000 0.000 0.000 1.000)

20.629194259643555
(0.621 0.485 -0.616 -0.457
 -0.179 0.853 0.491 1.004
 0.763 -0.195 0.616 1.430
 0.000 0.000 0.000 1.000)

20.64578628540039
(0.628 0.482 -0.611 -0.456
 -0.168 0.851 0.498 1.002
 0.760 -0.210 0.615 1.429
 0.000 0.000 0.000 1.000)

20.662551879882812
(0.631 0.480 -0.610 -0.456
 -0.167 0.851 0.497 1.001
 0.758 -0.211 0.617 1.427
 0.000 0.000 0.000 1.000)

20.679248809814453
(0.633 0.479 -0.608 -0.455
 -0.170 0.853 0.494 0.999
 0.755 -0.209 0.622 1.426
 0.000 0.000 0.000 1.000)

20.695911407470703
(0.636 0.475 -0.608 -0.455
 -0.168 0.854 0.492 0.997
 0.753 -0.211 0.623 1.425
 0.000 0.000 0.000 1.000)

20.71259117126465
(0.638 0.473 -0.608 -0.454
 -0.169 0.856 0.489 0.995
 0.751 -0.210 0.626 1.424
 0.000 0.000 0.000 1.000)

20.729228973388672
(0.642 0.472 -0.605 -0.454
 -0.167 0.856 0.490 0.993
 0.749 -0.213 0.628 1.422
 0.000 0.000 0.000 1.000)

20.745922088623047
(0.645 0.473 -0.601 -0.454
 -0.166 0.854 0.493 0.990
 0.746 -0.218 0.629 1.420
 0.000 0.000 0.000 1.000)

20.762601852416992
(0.649 0.475 -0.595 -0.454
 -0.167 0.851 0.499 0.987
 0.743 -0.224 0.631 1.419
 0.000 0.000 0.000 1.000)

20.77926254272461
(0.652 0.480 -0.587 -0.454
 -0.168 0.847 0.505 0.983
 0.740 -0.230 0.632 1.417
 0.000 0.000 0.000 1.000)

20.795928955078125
(0.654 0.487 -0.579 -0.454
 -0.173 0.841 0.512 0.979
 0.736 -0.235 0.635 1.416
 0.000 0.000 0.000 1.000)

20.812631607055664
(0.654 0.498 -0.570 -0.456
 -0.184 0.835 0.518 0.976
 0.734 -0.234 0.638 1.415
 0.000 0.000 0.000 1.000)

20.845073699951172
(0.649 0.512 -0.562 -0.458
 -0.207 0.830 0.517 0.973
 0.732 -0.220 0.645 1.414
 0.000 0.000 0.000 1.000)

20.86266326904297
(0.643 0.524 -0.559 -0.459
 -0.235 0.829 0.507 0.970
 0.729 -0.195 0.656 1.413
 0.000 0.000 0.000 1.000)

20.879358291625977
(0.625 0.537 -0.566 -0.462
 -0.276 0.831 0.483 0.969
 0.730 -0.145 0.668 1.412
 0.000 0.000 0.000 1.000)

20.896114349365234
(0.622 0.539 -0.568 -0.463
 -0.287 0.832 0.475 0.969
 0.729 -0.132 0.672 1.412
 0.000 0.000 0.000 1.000)

20.912696838378906
(0.624 0.537 -0.568 -0.463
 -0.287 0.833 0.472 0.970
 0.727 -0.131 0.674 1.413
 0.000 0.000 0.000 1.000)

20.929340362548828
(0.626 0.533 -0.569 -0.463
 -0.283 0.835 0.472 0.970
 0.727 -0.135 0.674 1.413
 0.000 0.000 0.000 1.000)

20.946014404296875
(0.630 0.526 -0.571 -0.464
 -0.274 0.839 0.471 0.971
 0.727 -0.140 0.672 1.414
 0.000 0.000 0.000 1.000)

20.96274185180664
(0.630 0.520 -0.577 -0.463
 -0.265 0.842 0.469 0.972
 0.730 -0.143 0.669 1.414
 0.000 0.000 0.000 1.000)

20.97940444946289
(0.632 0.513 -0.581 -0.463
 -0.258 0.846 0.466 0.974
 0.731 -0.144 0.667 1.415
 0.000 0.000 0.000 1.000)

20.99610710144043
(0.633 0.509 -0.583 -0.464
 -0.254 0.848 0.465 0.975
 0.731 -0.146 0.666 1.417
 0.000 0.000 0.000 1.000)

21.01276969909668
(0.634 0.509 -0.582 -0.464
 -0.253 0.848 0.466 0.976
 0.731 -0.149 0.666 1.419
 0.000 0.000 0.000 1.000)

21.029403686523438
(0.631 0.512 -0.582 -0.466
 -0.254 0.846 0.469 0.978
 0.733 -0.148 0.664 1.421
 0.000 0.000 0.000 1.000)

21.046110153198242
(0.625 0.517 -0.585 -0.467
 -0.258 0.844 0.471 0.980
 0.737 -0.143 0.661 1.423
 0.000 0.000 0.000 1.000)

21.06279182434082
(0.620 0.521 -0.587 -0.469
 -0.260 0.842 0.472 0.983
 0.741 -0.140 0.657 1.427
 0.000 0.000 0.000 1.000)

21.095224380493164
(0.610 0.525 -0.594 -0.471
 -0.265 0.841 0.472 0.986
 0.747 -0.130 0.652 1.430
 0.000 0.000 0.000 1.000)

21.112834930419922
(0.597 0.526 -0.605 -0.477
 -0.273 0.843 0.463 0.993
 0.754 -0.112 0.647 1.438
 0.000 0.000 0.000 1.000)

21.129467010498047
(0.591 0.524 -0.613 -0.480
 -0.275 0.846 0.457 0.998
 0.758 -0.102 0.644 1.442
 0.000 0.000 0.000 1.000)

21.146190643310547
(0.585 0.519 -0.623 -0.483
 -0.279 0.850 0.447 1.002
 0.762 -0.088 0.642 1.447
 0.000 0.000 0.000 1.000)

21.162809371948242
(0.577 0.517 -0.632 -0.486
 -0.286 0.853 0.436 1.006
 0.765 -0.071 0.640 1.452
 0.000 0.000 0.000 1.000)

21.179468154907227
(0.569 0.513 -0.642 -0.490
 -0.287 0.856 0.430 1.011
 0.771 -0.060 0.634 1.458
 0.000 0.000 0.000 1.000)

21.1961727142334
(0.555 0.512 -0.656 -0.494
 -0.289 0.858 0.424 1.014
 0.780 -0.046 0.624 1.464
 0.000 0.000 0.000 1.000)

21.212867736816406
(0.538 0.512 -0.670 -0.499
 -0.299 0.859 0.416 1.017
 0.788 -0.023 0.615 1.470
 0.000 0.000 0.000 1.000)

21.229583740234375
(0.517 0.513 -0.685 -0.503
 -0.307 0.858 0.411 1.020
 0.799 -0.002 0.601 1.477
 0.000 0.000 0.000 1.000)

21.24625015258789
(0.494 0.514 -0.701 -0.507
 -0.313 0.858 0.407 1.023
 0.811 0.019 0.585 1.483
 0.000 0.000 0.000 1.000)

21.262910842895508
(0.473 0.514 -0.716 -0.511
 -0.317 0.857 0.406 1.024
 0.822 0.034 0.568 1.489
 0.000 0.000 0.000 1.000)

21.27959442138672
(0.457 0.514 -0.726 -0.514
 -0.319 0.857 0.405 1.025
 0.830 0.046 0.555 1.494
 0.000 0.000 0.000 1.000)

21.296228408813477
(0.445 0.515 -0.733 -0.516
 -0.320 0.856 0.407 1.026
 0.837 0.053 0.545 1.499
 0.000 0.000 0.000 1.000)

21.32869529724121
(0.441 0.515 -0.735 -0.518
 -0.323 0.855 0.405 1.026
 0.837 0.059 0.544 1.502
 0.000 0.000 0.000 1.000)

21.346284866333008
(0.437 0.515 -0.738 -0.519
 -0.325 0.855 0.404 1.025
 0.839 0.064 0.541 1.504
 0.000 0.000 0.000 1.000)

21.362964630126953
(0.429 0.508 -0.747 -0.519
 -0.347 0.856 0.382 1.025
 0.834 0.096 0.543 1.505
 0.000 0.000 0.000 1.000)

21.37962532043457
(0.424 0.504 -0.752 -0.518
 -0.362 0.856 0.369 1.025
 0.830 0.116 0.546 1.504
 0.000 0.000 0.000 1.000)

21.396282196044922
(0.422 0.500 -0.756 -0.517
 -0.379 0.855 0.353 1.025
 0.823 0.138 0.551 1.503
 0.000 0.000 0.000 1.000)

21.412975311279297
(0.422 0.499 -0.756 -0.516
 -0.391 0.853 0.345 1.024
 0.818 0.150 0.556 1.502
 0.000 0.000 0.000 1.000)

21.42965316772461
(0.424 0.501 -0.755 -0.515
 -0.405 0.850 0.337 1.024
 0.810 0.163 0.563 1.501
 0.000 0.000 0.000 1.000)

21.44630241394043
(0.424 0.502 -0.754 -0.514
 -0.416 0.847 0.330 1.024
 0.805 0.173 0.568 1.500
 0.000 0.000 0.000 1.000)

21.463016510009766
(0.421 0.503 -0.755 -0.514
 -0.419 0.846 0.330 1.024
 0.804 0.178 0.567 1.499
 0.000 0.000 0.000 1.000)

21.479690551757812
(0.413 0.502 -0.759 -0.513
 -0.420 0.845 0.330 1.024
 0.808 0.183 0.561 1.499
 0.000 0.000 0.000 1.000)

21.496376037597656
(0.405 0.500 -0.766 -0.513
 -0.425 0.844 0.326 1.025
 0.810 0.193 0.554 1.500
 0.000 0.000 0.000 1.000)

21.513023376464844
(0.397 0.497 -0.772 -0.512
 -0.436 0.842 0.318 1.026
 0.808 0.211 0.551 1.500
 0.000 0.000 0.000 1.000)

21.52972984313965
(0.389 0.493 -0.778 -0.512
 -0.451 0.839 0.305 1.028
 0.803 0.233 0.549 1.501
 0.000 0.000 0.000 1.000)

21.546417236328125
(0.384 0.487 -0.785 -0.511
 -0.469 0.835 0.288 1.030
 0.795 0.257 0.549 1.502
 0.000 0.000 0.000 1.000)

21.578845977783203
(0.379 0.482 -0.790 -0.510
 -0.488 0.830 0.271 1.032
 0.786 0.283 0.550 1.502
 0.000 0.000 0.000 1.000)

21.596418380737305
(0.369 0.465 -0.805 -0.508
 -0.523 0.820 0.234 1.038
 0.768 0.335 0.546 1.502
 0.000 0.000 0.000 1.000)

21.61309242248535
(0.365 0.453 -0.813 -0.506
 -0.537 0.816 0.213 1.041
 0.761 0.359 0.541 1.503
 0.000 0.000 0.000 1.000)

21.62977409362793
(0.361 0.437 -0.823 -0.505
 -0.552 0.812 0.189 1.045
 0.752 0.386 0.535 1.504
 0.000 0.000 0.000 1.000)

21.646484375
(0.358 0.424 -0.832 -0.504
 -0.565 0.808 0.168 1.049
 0.743 0.410 0.529 1.505
 0.000 0.000 0.000 1.000)

21.663124084472656
(0.370 0.410 -0.834 -0.503
 -0.576 0.806 0.141 1.053
 0.729 0.428 0.534 1.507
 0.000 0.000 0.000 1.000)

21.67980194091797
(0.365 0.392 -0.845 -0.502
 -0.584 0.803 0.121 1.057
 0.726 0.449 0.522 1.508
 0.000 0.000 0.000 1.000)

21.69646644592285
(0.359 0.374 -0.855 -0.500
 -0.590 0.801 0.103 1.062
 0.723 0.467 0.508 1.509
 0.000 0.000 0.000 1.000)

21.71321678161621
(0.358 0.358 -0.862 -0.499
 -0.590 0.803 0.089 1.066
 0.724 0.477 0.499 1.511
 0.000 0.000 0.000 1.000)

21.729900360107422
(0.359 0.345 -0.867 -0.498
 -0.586 0.806 0.078 1.070
 0.726 0.481 0.492 1.513
 0.000 0.000 0.000 1.000)

21.746496200561523
(0.359 0.331 -0.873 -0.496
 -0.584 0.809 0.067 1.074
 0.728 0.485 0.484 1.514
 0.000 0.000 0.000 1.000)

21.763193130493164
(0.357 0.318 -0.878 -0.495
 -0.579 0.813 0.060 1.077
 0.733 0.488 0.474 1.516
 0.000 0.000 0.000 1.000)

21.779891967773438
(0.354 0.306 -0.884 -0.494
 -0.572 0.819 0.055 1.081
 0.740 0.486 0.465 1.518
 0.000 0.000 0.000 1.000)

21.796566009521484
(0.350 0.294 -0.889 -0.494
 -0.565 0.824 0.050 1.084
 0.747 0.485 0.455 1.521
 0.000 0.000 0.000 1.000)

21.828996658325195
(0.345 0.281 -0.896 -0.494
 -0.559 0.828 0.044 1.087
 0.754 0.486 0.442 1.523
 0.000 0.000 0.000 1.000)

21.84659767150879
(0.338 0.254 -0.906 -0.493
 -0.558 0.829 0.025 1.092
 0.758 0.497 0.423 1.527
 0.000 0.000 0.000 1.000)

21.8632755279541
(0.335 0.243 -0.910 -0.493
 -0.560 0.828 0.014 1.094
 0.757 0.505 0.413 1.529
 0.000 0.000 0.000 1.000)

21.879945755004883
(0.337 0.231 -0.913 -0.492
 -0.567 0.823 -0.001 1.097
 0.751 0.518 0.408 1.530
 0.000 0.000 0.000 1.000)

21.896629333496094
(0.340 0.219 -0.915 -0.492
 -0.566 0.824 -0.013 1.099
 0.751 0.522 0.404 1.531
 0.000 0.000 0.000 1.000)

21.913318634033203
(0.343 0.207 -0.916 -0.492
 -0.570 0.821 -0.027 1.101
 0.747 0.532 0.400 1.531
 0.000 0.000 0.000 1.000)

21.929948806762695
(0.344 0.199 -0.918 -0.491
 -0.574 0.818 -0.038 1.103
 0.743 0.540 0.396 1.532
 0.000 0.000 0.000 1.000)

21.946657180786133
(0.347 0.191 -0.918 -0.491
 -0.578 0.815 -0.049 1.105
 0.739 0.548 0.393 1.532
 0.000 0.000 0.000 1.000)

21.963350296020508
(0.347 0.182 -0.920 -0.491
 -0.583 0.810 -0.060 1.106
 0.734 0.557 0.388 1.533
 0.000 0.000 0.000 1.000)

21.980127334594727
(0.346 0.174 -0.922 -0.491
 -0.596 0.800 -0.073 1.108
 0.725 0.574 0.381 1.533
 0.000 0.000 0.000 1.000)

21.996673583984375
(0.346 0.165 -0.924 -0.490
 -0.605 0.792 -0.085 1.109
 0.717 0.588 0.374 1.533
 0.000 0.000 0.000 1.000)

22.013320922851562
(0.347 0.156 -0.925 -0.490
 -0.617 0.781 -0.099 1.111
 0.707 0.605 0.368 1.534
 0.000 0.000 0.000 1.000)

22.030027389526367
(0.350 0.149 -0.925 -0.490
 -0.626 0.772 -0.112 1.112
 0.697 0.618 0.363 1.534
 0.000 0.000 0.000 1.000)

22.062469482421875
(0.352 0.139 -0.926 -0.490
 -0.634 0.763 -0.126 1.113
 0.688 0.632 0.357 1.535
 0.000 0.000 0.000 1.000)

22.080047607421875
(0.357 0.123 -0.926 -0.489
 -0.652 0.743 -0.153 1.114
 0.669 0.659 0.345 1.536
 0.000 0.000 0.000 1.000)

22.096689224243164
(0.359 0.115 -0.926 -0.488
 -0.661 0.732 -0.165 1.115
 0.659 0.671 0.339 1.536
 0.000 0.000 0.000 1.000)

22.1134033203125
(0.364 0.108 -0.925 -0.488
 -0.671 0.720 -0.180 1.116
 0.646 0.686 0.334 1.537
 0.000 0.000 0.000 1.000)

22.130081176757812
(0.367 0.102 -0.924 -0.487
 -0.679 0.709 -0.192 1.117
 0.636 0.698 0.329 1.537
 0.000 0.000 0.000 1.000)

22.146717071533203
(0.371 0.098 -0.923 -0.487
 -0.687 0.698 -0.202 1.117
 0.625 0.709 0.327 1.537
 0.000 0.000 0.000 1.000)

22.163448333740234
(0.374 0.095 -0.923 -0.486
 -0.697 0.685 -0.212 1.118
 0.611 0.723 0.323 1.536
 0.000 0.000 0.000 1.000)

22.180038452148438
(0.378 0.092 -0.921 -0.485
 -0.706 0.672 -0.223 1.118
 0.598 0.735 0.319 1.536
 0.000 0.000 0.000 1.000)

22.19681167602539
(0.380 0.091 -0.920 -0.484
 -0.719 0.655 -0.233 1.118
 0.581 0.750 0.315 1.535
 0.000 0.000 0.000 1.000)

22.2135009765625
(0.383 0.089 -0.919 -0.483
 -0.732 0.637 -0.243 1.118
 0.564 0.766 0.310 1.534
 0.000 0.000 0.000 1.000)

22.23017692565918
(0.388 0.087 -0.918 -0.481
 -0.739 0.625 -0.253 1.118
 0.551 0.776 0.307 1.533
 0.000 0.000 0.000 1.000)

22.246837615966797
(0.396 0.087 -0.914 -0.480
 -0.742 0.617 -0.262 1.118
 0.541 0.782 0.309 1.532
 0.000 0.000 0.000 1.000)

22.26348114013672
(0.403 0.090 -0.911 -0.478
 -0.744 0.612 -0.269 1.117
 0.533 0.786 0.313 1.530
 0.000 0.000 0.000 1.000)

22.28019142150879
(0.409 0.095 -0.908 -0.477
 -0.745 0.609 -0.272 1.117
 0.527 0.787 0.320 1.528
 0.000 0.000 0.000 1.000)

22.3126163482666
(0.413 0.101 -0.905 -0.476
 -0.741 0.616 -0.269 1.117
 0.530 0.782 0.329 1.525
 0.000 0.000 0.000 1.000)

22.3302001953125
(0.419 0.122 -0.900 -0.475
 -0.726 0.640 -0.251 1.116
 0.545 0.759 0.357 1.520
 0.000 0.000 0.000 1.000)

22.346872329711914
(0.421 0.131 -0.898 -0.474
 -0.713 0.659 -0.238 1.115
 0.560 0.740 0.371 1.518
 0.000 0.000 0.000 1.000)

22.363590240478516
(0.421 0.138 -0.896 -0.473
 -0.698 0.680 -0.223 1.114
 0.579 0.720 0.383 1.516
 0.000 0.000 0.000 1.000)

22.380224227905273
(0.424 0.141 -0.895 -0.472
 -0.682 0.700 -0.213 1.113
 0.596 0.700 0.393 1.514
 0.000 0.000 0.000 1.000)

22.396930694580078
(0.425 0.145 -0.894 -0.471
 -0.664 0.720 -0.199 1.112
 0.615 0.678 0.402 1.512
 0.000 0.000 0.000 1.000)

22.41359519958496
(0.424 0.149 -0.893 -0.470
 -0.646 0.741 -0.183 1.111
 0.634 0.655 0.411 1.511
 0.000 0.000 0.000 1.000)

22.430269241333008
(0.421 0.157 -0.893 -0.468
 -0.629 0.760 -0.164 1.109
 0.653 0.631 0.419 1.511
 0.000 0.000 0.000 1.000)

22.446958541870117
(0.417 0.163 -0.894 -0.467
 -0.614 0.776 -0.145 1.108
 0.671 0.609 0.423 1.510
 0.000 0.000 0.000 1.000)

22.46359634399414
(0.411 0.173 -0.895 -0.466
 -0.597 0.793 -0.121 1.106
 0.689 0.584 0.429 1.510
 0.000 0.000 0.000 1.000)

22.48017692565918
(0.404 0.180 -0.897 -0.465
 -0.581 0.808 -0.100 1.104
 0.707 0.562 0.430 1.510
 0.000 0.000 0.000 1.000)

22.49688720703125
(0.392 0.188 -0.901 -0.465
 -0.564 0.823 -0.074 1.102
 0.727 0.537 0.428 1.510
 0.000 0.000 0.000 1.000)

22.51353645324707
(0.382 0.194 -0.904 -0.464
 -0.541 0.840 -0.048 1.100
 0.749 0.507 0.426 1.510
 0.000 0.000 0.000 1.000)

22.546096801757812
(0.371 0.202 -0.906 -0.463
 -0.514 0.858 -0.020 1.098
 0.774 0.473 0.422 1.511
 0.000 0.000 0.000 1.000)

22.56355857849121
(0.359 0.206 -0.910 -0.461
 -0.442 0.896 0.028 1.097
 0.822 0.392 0.413 1.513
 0.000 0.000 0.000 1.000)

22.580244064331055
(0.356 0.205 -0.912 -0.461
 -0.395 0.917 0.052 1.097
 0.847 0.341 0.407 1.514
 0.000 0.000 0.000 1.000)

22.59699249267578
(0.353 0.201 -0.914 -0.460
 -0.343 0.936 0.074 1.097
 0.871 0.287 0.400 1.516
 0.000 0.000 0.000 1.000)

22.613615036010742
(0.350 0.196 -0.916 -0.459
 -0.300 0.950 0.088 1.098
 0.887 0.244 0.392 1.517
 0.000 0.000 0.000 1.000)

22.630271911621094
(0.348 0.188 -0.918 -0.458
 -0.262 0.960 0.097 1.100
 0.900 0.207 0.384 1.517
 0.000 0.000 0.000 1.000)

22.64694595336914
(0.345 0.180 -0.921 -0.458
 -0.221 0.969 0.107 1.101
 0.912 0.167 0.374 1.518
 0.000 0.000 0.000 1.000)

22.663623809814453
(0.338 0.175 -0.925 -0.457
 -0.182 0.976 0.118 1.101
 0.923 0.129 0.362 1.520
 0.000 0.000 0.000 1.000)

22.680295944213867
(0.329 0.173 -0.928 -0.456
 -0.145 0.981 0.131 1.102
 0.933 0.092 0.347 1.521
 0.000 0.000 0.000 1.000)

22.69698715209961
(0.320 0.176 -0.931 -0.456
 -0.112 0.983 0.147 1.102
 0.941 0.057 0.334 1.522
 0.000 0.000 0.000 1.000)

22.713645935058594
(0.309 0.181 -0.934 -0.456
 -0.082 0.983 0.164 1.101
 0.948 0.026 0.318 1.524
 0.000 0.000 0.000 1.000)

22.730316162109375
(0.301 0.189 -0.935 -0.455
 -0.052 0.982 0.182 1.100
 0.952 -0.006 0.305 1.526
 0.000 0.000 0.000 1.000)

22.74701690673828
(0.294 0.197 -0.935 -0.455
 -0.031 0.980 0.196 1.099
 0.955 -0.029 0.294 1.527
 0.000 0.000 0.000 1.000)

22.763700485229492
(0.288 0.203 -0.936 -0.455
 -0.014 0.978 0.208 1.097
 0.958 -0.047 0.284 1.529
 0.000 0.000 0.000 1.000)

22.796234130859375
(0.285 0.211 -0.935 -0.455
 -0.000 0.976 0.220 1.096
 0.959 -0.062 0.278 1.530
 0.000 0.000 0.000 1.000)

22.813722610473633
(0.282 0.222 -0.933 -0.453
 0.013 0.972 0.235 1.093
 0.959 -0.078 0.272 1.532
 0.000 0.000 0.000 1.000)

22.830411911010742
(0.283 0.228 -0.932 -0.452
 0.016 0.970 0.242 1.092
 0.959 -0.083 0.271 1.533
 0.000 0.000 0.000 1.000)

22.847126007080078
(0.283 0.234 -0.930 -0.452
 0.022 0.968 0.251 1.091
 0.959 -0.092 0.269 1.533
 0.000 0.000 0.000 1.000)

22.863792419433594
(0.280 0.243 -0.929 -0.451
 0.036 0.964 0.263 1.089
 0.959 -0.107 0.262 1.534
 0.000 0.000 0.000 1.000)

22.88055419921875
(0.281 0.254 -0.926 -0.451
 0.054 0.959 0.279 1.087
 0.958 -0.128 0.255 1.535
 0.000 0.000 0.000 1.000)

22.897193908691406
(0.281 0.265 -0.923 -0.451
 0.072 0.953 0.295 1.085
 0.957 -0.150 0.248 1.535
 0.000 0.000 0.000 1.000)

22.913875579833984
(0.283 0.276 -0.918 -0.450
 0.093 0.945 0.313 1.084
 0.955 -0.174 0.242 1.536
 0.000 0.000 0.000 1.000)

22.93053436279297
(0.286 0.287 -0.914 -0.450
 0.114 0.937 0.330 1.081
 0.952 -0.199 0.235 1.537
 0.000 0.000 0.000 1.000)

22.94717025756836
(0.291 0.299 -0.909 -0.450
 0.141 0.926 0.350 1.079
 0.946 -0.230 0.228 1.538
 0.000 0.000 0.000 1.000)

22.963945388793945
(0.295 0.311 -0.903 -0.450
 0.169 0.914 0.370 1.077
 0.940 -0.262 0.217 1.538
 0.000 0.000 0.000 1.000)

22.98052215576172
(0.299 0.325 -0.897 -0.450
 0.200 0.898 0.392 1.074
 0.933 -0.297 0.204 1.539
 0.000 0.000 0.000 1.000)

22.997148513793945
(0.303 0.339 -0.891 -0.450
 0.228 0.881 0.413 1.071
 0.925 -0.328 0.190 1.539
 0.000 0.000 0.000 1.000)

23.01392936706543
(0.307 0.352 -0.884 -0.450
 0.254 0.865 0.432 1.068
 0.917 -0.357 0.177 1.540
 0.000 0.000 0.000 1.000)

23.046382904052734
(0.322 0.370 -0.871 -0.451
 0.266 0.848 0.459 1.061
 0.908 -0.380 0.175 1.538
 0.000 0.000 0.000 1.000)

23.063987731933594
(0.329 0.379 -0.865 -0.451
 0.258 0.845 0.469 1.057
 0.908 -0.377 0.181 1.537
 0.000 0.000 0.000 1.000)

23.080656051635742
(0.336 0.389 -0.858 -0.451
 0.251 0.841 0.479 1.054
 0.908 -0.376 0.185 1.535
 0.000 0.000 0.000 1.000)

23.097332000732422
(0.336 0.400 -0.853 -0.451
 0.247 0.836 0.490 1.051
 0.909 -0.375 0.182 1.533
 0.000 0.000 0.000 1.000)

23.11400032043457
(0.337 0.410 -0.848 -0.451
 0.241 0.833 0.498 1.048
 0.910 -0.372 0.182 1.531
 0.000 0.000 0.000 1.000)

23.13065528869629
(0.335 0.418 -0.844 -0.451
 0.233 0.832 0.504 1.045
 0.913 -0.365 0.182 1.528
 0.000 0.000 0.000 1.000)

23.1473331451416
(0.333 0.425 -0.842 -0.450
 0.225 0.831 0.508 1.043
 0.916 -0.359 0.181 1.525
 0.000 0.000 0.000 1.000)

23.16410255432129
(0.332 0.433 -0.838 -0.450
 0.213 0.831 0.513 1.041
 0.919 -0.349 0.183 1.521
 0.000 0.000 0.000 1.000)

23.180706024169922
(0.332 0.440 -0.834 -0.449
 0.202 0.831 0.519 1.039
 0.921 -0.341 0.186 1.517
 0.000 0.000 0.000 1.000)

23.197368621826172
(0.333 0.446 -0.831 -0.447
 0.189 0.832 0.522 1.037
 0.924 -0.331 0.193 1.513
 0.000 0.000 0.000 1.000)

23.213985443115234
(0.339 0.455 -0.824 -0.446
 0.175 0.830 0.530 1.036
 0.924 -0.324 0.202 1.508
 0.000 0.000 0.000 1.000)

23.230655670166016
(0.349 0.453 -0.820 -0.443
 0.175 0.828 0.532 1.036
 0.921 -0.329 0.210 1.502
 0.000 0.000 0.000 1.000)

23.24740219116211
(0.361 0.446 -0.819 -0.441
 0.172 0.832 0.528 1.036
 0.917 -0.331 0.223 1.496
 0.000 0.000 0.000 1.000)

23.279857635498047
(0.371 0.433 -0.822 -0.438
 0.175 0.836 0.520 1.038
 0.912 -0.337 0.234 1.489
 0.000 0.000 0.000 1.000)

23.297435760498047
(0.386 0.399 -0.831 -0.432
 0.167 0.856 0.489 1.043
 0.907 -0.328 0.264 1.475
 0.000 0.000 0.000 1.000)

23.314090728759766
(0.395 0.385 -0.834 -0.430
 0.157 0.867 0.474 1.046
 0.905 -0.318 0.282 1.468
 0.000 0.000 0.000 1.000)

23.330718994140625
(0.397 0.376 -0.837 -0.428
 0.144 0.875 0.462 1.048
 0.906 -0.304 0.293 1.462
 0.000 0.000 0.000 1.000)

23.3475341796875
(0.398 0.369 -0.840 -0.425
 0.130 0.884 0.449 1.050
 0.908 -0.288 0.304 1.455
 0.000 0.000 0.000 1.000)

23.364131927490234
(0.399 0.364 -0.842 -0.424
 0.112 0.891 0.439 1.052
 0.910 -0.270 0.314 1.448
 0.000 0.000 0.000 1.000)

23.38072967529297
(0.399 0.360 -0.844 -0.422
 0.097 0.898 0.429 1.053
 0.912 -0.253 0.323 1.442
 0.000 0.000 0.000 1.000)

23.397354125976562
(0.401 0.356 -0.844 -0.420
 0.075 0.906 0.417 1.054
 0.913 -0.230 0.336 1.435
 0.000 0.000 0.000 1.000)

23.451019287109375
(0.410 0.349 -0.843 -0.415
 0.032 0.918 0.396 1.055
 0.912 -0.189 0.365 1.421
 0.000 0.000 0.000 1.000)

23.451948165893555
(0.416 0.346 -0.841 -0.413
 0.008 0.923 0.384 1.056
 0.909 -0.167 0.381 1.413
 0.000 0.000 0.000 1.000)

23.46873664855957
(0.422 0.347 -0.838 -0.410
 -0.040 0.930 0.365 1.058
 0.906 -0.121 0.406 1.398
 0.000 0.000 0.000 1.000)

23.485307693481445
(0.425 0.351 -0.834 -0.408
 -0.066 0.931 0.358 1.059
 0.903 -0.097 0.419 1.391
 0.000 0.000 0.000 1.000)

23.517868041992188
(0.426 0.356 -0.832 -0.407
 -0.093 0.932 0.351 1.060
 0.900 -0.072 0.430 1.383
 0.000 0.000 0.000 1.000)

23.53544044494629
(0.430 0.360 -0.828 -0.406
 -0.125 0.932 0.340 1.061
 0.894 -0.043 0.446 1.375
 0.000 0.000 0.000 1.000)

23.55222511291504
(0.434 0.366 -0.823 -0.405
 -0.158 0.931 0.330 1.061
 0.887 -0.013 0.462 1.368
 0.000 0.000 0.000 1.000)

23.56887435913086
(0.439 0.374 -0.817 -0.403
 -0.193 0.927 0.321 1.062
 0.878 0.017 0.479 1.360
 0.000 0.000 0.000 1.000)

23.585487365722656
(0.445 0.385 -0.808 -0.403
 -0.226 0.922 0.315 1.062
 0.867 0.042 0.497 1.352
 0.000 0.000 0.000 1.000)

23.602149963378906
(0.448 0.398 -0.800 -0.402
 -0.257 0.915 0.311 1.062
 0.856 0.066 0.513 1.344
 0.000 0.000 0.000 1.000)

23.618860244750977
(0.452 0.409 -0.793 -0.402
 -0.289 0.908 0.303 1.062
 0.844 0.092 0.529 1.336
 0.000 0.000 0.000 1.000)

23.6354923248291
(0.454 0.420 -0.786 -0.402
 -0.318 0.900 0.298 1.061
 0.832 0.114 0.542 1.329
 0.000 0.000 0.000 1.000)

23.65224838256836
(0.453 0.434 -0.779 -0.402
 -0.344 0.891 0.297 1.060
 0.823 0.133 0.553 1.321
 0.000 0.000 0.000 1.000)

23.668895721435547
(0.452 0.449 -0.771 -0.402
 -0.364 0.882 0.300 1.059
 0.814 0.146 0.562 1.314
 0.000 0.000 0.000 1.000)

23.68556785583496
(0.450 0.464 -0.763 -0.403
 -0.386 0.871 0.303 1.057
 0.805 0.159 0.571 1.306
 0.000 0.000 0.000 1.000)

23.702226638793945
(0.450 0.480 -0.753 -0.404
 -0.405 0.861 0.307 1.054
 0.796 0.167 0.582 1.298
 0.000 0.000 0.000 1.000)

23.71888542175293
(0.458 0.510 -0.728 -0.407
 -0.421 0.846 0.327 1.048
 0.783 0.156 0.602 1.282
 0.000 0.000 0.000 1.000)

23.735633850097656
(0.463 0.525 -0.714 -0.409
 -0.422 0.839 0.343 1.044
 0.779 0.142 0.610 1.274
 0.000 0.000 0.000 1.000)

23.768020629882812
(0.470 0.538 -0.700 -0.412
 -0.416 0.834 0.362 1.040
 0.778 0.121 0.616 1.266
 0.000 0.000 0.000 1.000)

23.785606384277344
(0.478 0.550 -0.685 -0.414
 -0.410 0.830 0.379 1.037
 0.777 0.099 0.622 1.258
 0.000 0.000 0.000 1.000)

23.80226707458496
(0.488 0.560 -0.670 -0.416
 -0.403 0.825 0.396 1.033
 0.774 0.076 0.628 1.252
 0.000 0.000 0.000 1.000)

23.818889617919922
(0.497 0.567 -0.656 -0.418
 -0.394 0.822 0.412 1.029
 0.773 0.054 0.632 1.246
 0.000 0.000 0.000 1.000)

23.835622787475586
(0.508 0.571 -0.644 -0.420
 -0.383 0.820 0.426 1.025
 0.772 0.030 0.635 1.240
 0.000 0.000 0.000 1.000)

23.85230827331543
(0.520 0.576 -0.631 -0.423
 -0.371 0.818 0.440 1.020
 0.770 0.005 0.639 1.235
 0.000 0.000 0.000 1.000)

23.86901092529297
(0.532 0.578 -0.619 -0.425
 -0.357 0.816 0.455 1.016
 0.768 -0.021 0.640 1.230
 0.000 0.000 0.000 1.000)

23.885698318481445
(0.543 0.581 -0.607 -0.427
 -0.343 0.813 0.471 1.012
 0.767 -0.047 0.640 1.226
 0.000 0.000 0.000 1.000)

23.902362823486328
(0.555 0.582 -0.595 -0.428
 -0.328 0.810 0.487 1.007
 0.765 -0.075 0.640 1.222
 0.000 0.000 0.000 1.000)

23.918977737426758
(0.570 0.581 -0.581 -0.430
 -0.312 0.807 0.502 1.003
 0.760 -0.104 0.641 1.219
 0.000 0.000 0.000 1.000)

23.93572998046875
(0.583 0.578 -0.571 -0.432
 -0.298 0.806 0.512 0.998
 0.756 -0.128 0.642 1.216
 0.000 0.000 0.000 1.000)

23.952369689941406
(0.606 0.565 -0.561 -0.434
 -0.262 0.807 0.530 0.990
 0.751 -0.174 0.636 1.211
 0.000 0.000 0.000 1.000)

23.9691219329834
(0.617 0.556 -0.558 -0.435
 -0.245 0.809 0.535 0.986
 0.748 -0.194 0.634 1.209
 0.000 0.000 0.000 1.000)

24.001502990722656
(0.627 0.546 -0.555 -0.436
 -0.227 0.810 0.540 0.982
 0.745 -0.212 0.632 1.206
 0.000 0.000 0.000 1.000)

24.019060134887695
(0.639 0.537 -0.551 -0.437
 -0.211 0.811 0.546 0.978
 0.740 -0.233 0.631 1.204
 0.000 0.000 0.000 1.000)

24.035785675048828
(0.651 0.527 -0.546 -0.437
 -0.194 0.811 0.551 0.974
 0.734 -0.253 0.631 1.202
 0.000 0.000 0.000 1.000)

24.052457809448242
(0.665 0.517 -0.539 -0.438
 -0.181 0.812 0.555 0.970
 0.725 -0.272 0.633 1.200
 0.000 0.000 0.000 1.000)

24.069107055664062
(0.679 0.506 -0.532 -0.438
 -0.167 0.811 0.560 0.966
 0.715 -0.292 0.635 1.198
 0.000 0.000 0.000 1.000)

24.085779190063477
(0.694 0.495 -0.523 -0.438
 -0.151 0.810 0.566 0.961
 0.704 -0.314 0.637 1.196
 0.000 0.000 0.000 1.000)

24.102420806884766
(0.711 0.479 -0.515 -0.438
 -0.131 0.810 0.572 0.956
 0.691 -0.339 0.638 1.194
 0.000 0.000 0.000 1.000)

24.119077682495117
(0.730 0.460 -0.505 -0.438
 -0.110 0.809 0.578 0.951
 0.675 -0.366 0.641 1.192
 0.000 0.000 0.000 1.000)

24.135835647583008
(0.752 0.434 -0.496 -0.437
 -0.081 0.808 0.583 0.945
 0.654 -0.398 0.643 1.191
 0.000 0.000 0.000 1.000)

24.152503967285156
(0.775 0.399 -0.490 -0.436
 -0.043 0.807 0.590 0.940
 0.631 -0.436 0.642 1.191
 0.000 0.000 0.000 1.000)

24.169130325317383
(0.794 0.364 -0.488 -0.436
 -0.001 0.803 0.596 0.935
 0.608 -0.473 0.637 1.190
 0.000 0.000 0.000 1.000)

24.18592071533203
(0.811 0.328 -0.485 -0.435
 0.038 0.796 0.603 0.930
 0.584 -0.508 0.633 1.189
 0.000 0.000 0.000 1.000)

24.202579498291016
(0.839 0.267 -0.474 -0.435
 0.098 0.783 0.614 0.923
 0.535 -0.562 0.630 1.187
 0.000 0.000 0.000 1.000)

24.219148635864258
(0.850 0.238 -0.470 -0.436
 0.122 0.779 0.616 0.920
 0.512 -0.581 0.633 1.184
 0.000 0.000 0.000 1.000)

24.25165367126465
(0.862 0.207 -0.462 -0.436
 0.142 0.777 0.613 0.918
 0.487 -0.594 0.641 1.181
 0.000 0.000 0.000 1.000)

24.269287109375
(0.874 0.174 -0.454 -0.436
 0.160 0.779 0.606 0.916
 0.459 -0.603 0.653 1.178
 0.000 0.000 0.000 1.000)

24.28597640991211
(0.883 0.141 -0.447 -0.436
 0.181 0.778 0.602 0.915
 0.433 -0.613 0.661 1.175
 0.000 0.000 0.000 1.000)

24.302656173706055
(0.892 0.109 -0.439 -0.436
 0.198 0.779 0.595 0.914
 0.407 -0.618 0.673 1.172
 0.000 0.000 0.000 1.000)

24.319236755371094
(0.899 0.081 -0.431 -0.435
 0.213 0.778 0.591 0.913
 0.383 -0.623 0.682 1.168
 0.000 0.000 0.000 1.000)

24.33592987060547
(0.906 0.053 -0.419 -0.434
 0.227 0.775 0.589 0.912
 0.356 -0.629 0.691 1.165
 0.000 0.000 0.000 1.000)

24.35264015197754
(0.910 0.028 -0.413 -0.433
 0.241 0.775 0.584 0.911
 0.336 -0.631 0.699 1.162
 0.000 0.000 0.000 1.000)

24.369348526000977
(0.916 0.005 -0.401 -0.431
 0.252 0.771 0.585 0.911
 0.312 -0.637 0.705 1.160
 0.000 0.000 0.000 1.000)

24.38605499267578
(0.921 -0.017 -0.390 -0.429
 0.261 0.770 0.583 0.911
 0.290 -0.638 0.713 1.157
 0.000 0.000 0.000 1.000)

24.402708053588867
(0.923 -0.040 -0.382 -0.426
 0.273 0.769 0.578 0.911
 0.271 -0.638 0.721 1.154
 0.000 0.000 0.000 1.000)

24.419370651245117
(0.926 -0.064 -0.371 -0.422
 0.284 0.767 0.576 0.912
 0.248 -0.638 0.729 1.152
 0.000 0.000 0.000 1.000)

24.43601417541504
(0.928 -0.118 -0.353 -0.413
 0.311 0.767 0.561 0.915
 0.205 -0.630 0.749 1.146
 0.000 0.000 0.000 1.000)

24.452686309814453
(0.927 -0.147 -0.345 -0.407
 0.327 0.767 0.552 0.917
 0.184 -0.624 0.759 1.143
 0.000 0.000 0.000 1.000)

24.48516082763672
(0.925 -0.177 -0.336 -0.401
 0.343 0.769 0.540 0.919
 0.163 -0.614 0.772 1.140
 0.000 0.000 0.000 1.000)

24.502790451049805
(0.922 -0.206 -0.326 -0.394
 0.359 0.770 0.528 0.921
 0.142 -0.604 0.784 1.137
 0.000 0.000 0.000 1.000)

24.51947593688965
(0.918 -0.235 -0.319 -0.387
 0.377 0.768 0.517 0.924
 0.124 -0.595 0.794 1.135
 0.000 0.000 0.000 1.000)

24.536157608032227
(0.912 -0.265 -0.313 -0.379
 0.396 0.765 0.507 0.926
 0.105 -0.587 0.803 1.132
 0.000 0.000 0.000 1.000)

24.552814483642578
(0.905 -0.290 -0.311 -0.370
 0.415 0.761 0.498 0.929
 0.092 -0.580 0.809 1.130
 0.000 0.000 0.000 1.000)

24.56942367553711
(0.897 -0.314 -0.311 -0.361
 0.434 0.755 0.491 0.930
 0.081 -0.576 0.814 1.129
 0.000 0.000 0.000 1.000)

24.586145401000977
(0.888 -0.337 -0.313 -0.350
 0.455 0.747 0.485 0.932
 0.071 -0.573 0.816 1.127
 0.000 0.000 0.000 1.000)

24.602819442749023
(0.877 -0.359 -0.321 -0.339
 0.477 0.737 0.478 0.934
 0.065 -0.572 0.817 1.127
 0.000 0.000 0.000 1.000)

24.61949348449707
(0.863 -0.380 -0.332 -0.328
 0.501 0.726 0.472 0.935
 0.062 -0.574 0.817 1.126
 0.000 0.000 0.000 1.000)

24.636127471923828
(0.851 -0.397 -0.343 -0.315
 0.522 0.714 0.467 0.936
 0.059 -0.577 0.815 1.126
 0.000 0.000 0.000 1.000)

24.652812957763672
(0.841 -0.407 -0.358 -0.303
 0.538 0.703 0.466 0.937
 0.062 -0.584 0.810 1.126
 0.000 0.000 0.000 1.000)

24.66949462890625
(0.828 -0.403 -0.390 -0.277
 0.555 0.689 0.466 0.938
 0.081 -0.603 0.794 1.127
 0.000 0.000 0.000 1.000)

24.686168670654297
(0.826 -0.392 -0.406 -0.264
 0.556 0.686 0.469 0.939
 0.095 -0.613 0.785 1.129
 0.000 0.000 0.000 1.000)

24.702821731567383
(0.825 -0.378 -0.420 -0.249
 0.554 0.686 0.471 0.941
 0.110 -0.622 0.776 1.130
 0.000 0.000 0.000 1.000)

24.735332489013672
(0.825 -0.359 -0.436 -0.235
 0.549 0.691 0.470 0.942
 0.133 -0.627 0.767 1.132
 0.000 0.000 0.000 1.000)

24.75287628173828
(0.825 -0.337 -0.454 -0.221
 0.543 0.697 0.469 0.944
 0.158 -0.633 0.758 1.133
 0.000 0.000 0.000 1.000)

24.769573211669922
(0.826 -0.314 -0.469 -0.207
 0.533 0.706 0.466 0.946
 0.185 -0.634 0.750 1.135
 0.000 0.000 0.000 1.000)

24.78622055053711
(0.828 -0.288 -0.481 -0.193
 0.519 0.719 0.463 0.947
 0.212 -0.633 0.745 1.137
 0.000 0.000 0.000 1.000)

24.802892684936523
(0.830 -0.261 -0.493 -0.180
 0.504 0.731 0.461 0.949
 0.240 -0.631 0.738 1.139
 0.000 0.000 0.000 1.000)

24.819608688354492
(0.832 -0.232 -0.505 -0.167
 0.487 0.742 0.461 0.950
 0.268 -0.629 0.730 1.142
 0.000 0.000 0.000 1.000)

24.83629608154297
(0.832 -0.201 -0.517 -0.155
 0.468 0.754 0.460 0.950
 0.298 -0.625 0.722 1.145
 0.000 0.000 0.000 1.000)

24.852956771850586
(0.832 -0.166 -0.529 -0.143
 0.448 0.763 0.466 0.951
 0.327 -0.624 0.710 1.148
 0.000 0.000 0.000 1.000)

24.869644165039062
(0.831 -0.127 -0.541 -0.132
 0.426 0.771 0.473 0.951
 0.357 -0.624 0.695 1.152
 0.000 0.000 0.000 1.000)

24.886301040649414
(0.828 -0.085 -0.554 -0.121
 0.404 0.776 0.484 0.950
 0.389 -0.625 0.677 1.156
 0.000 0.000 0.000 1.000)

24.902935028076172
(0.824 -0.043 -0.565 -0.111
 0.383 0.778 0.499 0.950
 0.418 -0.627 0.657 1.161
 0.000 0.000 0.000 1.000)

24.91962432861328
(0.809 0.044 -0.587 -0.092
 0.341 0.777 0.529 0.947
 0.479 -0.628 0.613 1.170
 0.000 0.000 0.000 1.000)

24.93631935119629
(0.800 0.086 -0.594 -0.083
 0.320 0.776 0.544 0.945
 0.507 -0.625 0.593 1.174
 0.000 0.000 0.000 1.000)

24.95301628112793
(0.790 0.124 -0.601 -0.075
 0.301 0.775 0.556 0.944
 0.534 -0.620 0.575 1.178
 0.000 0.000 0.000 1.000)

24.9854736328125
(0.779 0.160 -0.606 -0.067
 0.279 0.778 0.563 0.942
 0.562 -0.608 0.561 1.182
 0.000 0.000 0.000 1.000)

25.002971649169922
(0.765 0.193 -0.614 -0.059
 0.259 0.782 0.568 0.941
 0.589 -0.593 0.548 1.185
 0.000 0.000 0.000 1.000)

25.019718170166016
(0.752 0.225 -0.619 -0.052
 0.236 0.786 0.572 0.939
 0.616 -0.576 0.538 1.188
 0.000 0.000 0.000 1.000)

25.036399841308594
(0.740 0.254 -0.623 -0.045
 0.216 0.788 0.577 0.938
 0.638 -0.562 0.528 1.190
 0.000 0.000 0.000 1.000)

25.053058624267578
(0.727 0.282 -0.626 -0.038
 0.196 0.789 0.582 0.936
 0.659 -0.546 0.518 1.192
 0.000 0.000 0.000 1.000)

25.069753646850586
(0.713 0.315 -0.627 -0.031
 0.171 0.789 0.591 0.934
 0.680 -0.528 0.508 1.194
 0.000 0.000 0.000 1.000)

25.086397171020508
(0.697 0.350 -0.626 -0.026
 0.142 0.788 0.599 0.931
 0.703 -0.506 0.499 1.195
 0.000 0.000 0.000 1.000)

25.10304832458496
(0.679 0.385 -0.625 -0.021
 0.118 0.783 0.610 0.929
 0.725 -0.488 0.486 1.197
 0.000 0.000 0.000 1.000)

25.11979103088379
(0.665 0.418 -0.619 -0.016
 0.096 0.774 0.625 0.926
 0.741 -0.475 0.475 1.198
 0.000 0.000 0.000 1.000)

25.13643455505371
(0.649 0.450 -0.614 -0.011
 0.074 0.766 0.639 0.923
 0.758 -0.460 0.464 1.199
 0.000 0.000 0.000 1.000)

25.15314483642578
(0.627 0.503 -0.595 -0.003
 0.034 0.745 0.666 0.919
 0.778 -0.438 0.450 1.200
 0.000 0.000 0.000 1.000)

25.169836044311523
(0.620 0.523 -0.585 0.000
 0.023 0.734 0.679 0.917
 0.785 -0.434 0.443 1.200
 0.000 0.000 0.000 1.000)

25.186426162719727
(0.617 0.531 -0.580 0.004
 0.018 0.728 0.685 0.916
 0.786 -0.433 0.440 1.199
 0.000 0.000 0.000 1.000)

25.218944549560547
(0.614 0.536 -0.579 0.007
 0.015 0.726 0.687 0.915
 0.789 -0.431 0.438 1.198
 0.000 0.000 0.000 1.000)

25.236522674560547
(0.615 0.531 -0.583 0.010
 0.016 0.731 0.682 0.915
 0.788 -0.429 0.441 1.196
 0.000 0.000 0.000 1.000)

25.253202438354492
(0.620 0.523 -0.585 0.013
 0.019 0.736 0.677 0.915
 0.784 -0.431 0.446 1.193
 0.000 0.000 0.000 1.000)

25.269882202148438
(0.624 0.512 -0.590 0.016
 0.025 0.742 0.670 0.916
 0.781 -0.433 0.451 1.190
 0.000 0.000 0.000 1.000)

25.286489486694336
(0.631 0.496 -0.596 0.020
 0.032 0.751 0.660 0.917
 0.775 -0.435 0.458 1.186
 0.000 0.000 0.000 1.000)

25.30316925048828
(0.640 0.483 -0.597 0.023
 0.039 0.756 0.653 0.918
 0.767 -0.442 0.465 1.181
 0.000 0.000 0.000 1.000)

25.319904327392578
(0.650 0.471 -0.597 0.025
 0.043 0.761 0.647 0.919
 0.759 -0.446 0.474 1.176
 0.000 0.000 0.000 1.000)

25.336612701416016
(0.657 0.461 -0.597 0.027
 0.051 0.763 0.645 0.919
 0.752 -0.454 0.477 1.170
 0.000 0.000 0.000 1.000)

25.35329246520996
(0.666 0.452 -0.593 0.029
 0.055 0.764 0.643 0.919
 0.744 -0.461 0.484 1.164
 0.000 0.000 0.000 1.000)

25.369956970214844
(0.677 0.444 -0.587 0.031
 0.058 0.763 0.644 0.919
 0.734 -0.470 0.490 1.158
 0.000 0.000 0.000 1.000)

25.386592864990234
(0.689 0.435 -0.580 0.032
 0.061 0.763 0.644 0.919
 0.722 -0.479 0.499 1.151
 0.000 0.000 0.000 1.000)

25.40325164794922
(0.709 0.410 -0.574 0.034
 0.074 0.766 0.638 0.918
 0.701 -0.495 0.513 1.135
 0.000 0.000 0.000 1.000)

25.420007705688477
(0.722 0.392 -0.571 0.035
 0.079 0.772 0.631 0.919
 0.688 -0.500 0.526 1.126
 0.000 0.000 0.000 1.000)

25.43667221069336
(0.737 0.370 -0.566 0.036
 0.086 0.779 0.621 0.920
 0.671 -0.506 0.542 1.116
 0.000 0.000 0.000 1.000)

25.4691162109375
(0.753 0.343 -0.562 0.037
 0.096 0.788 0.608 0.923
 0.651 -0.512 0.560 1.105
 0.000 0.000 0.000 1.000)

25.486669540405273
(0.766 0.314 -0.561 0.038
 0.112 0.794 0.597 0.925
 0.633 -0.520 0.573 1.093
 0.000 0.000 0.000 1.000)

25.5033016204834
(0.779 0.286 -0.558 0.039
 0.127 0.799 0.587 0.928
 0.614 -0.528 0.587 1.081
 0.000 0.000 0.000 1.000)

25.520038604736328
(0.792 0.257 -0.555 0.040
 0.143 0.805 0.576 0.932
 0.594 -0.535 0.600 1.069
 0.000 0.000 0.000 1.000)

25.536714553833008
(0.802 0.229 -0.551 0.040
 0.155 0.812 0.563 0.935
 0.576 -0.537 0.616 1.056
 0.000 0.000 0.000 1.000)

25.55340003967285
(0.813 0.203 -0.545 0.040
 0.161 0.822 0.546 0.939
 0.559 -0.532 0.636 1.043
 0.000 0.000 0.000 1.000)

25.57007598876953
(0.823 0.177 -0.539 0.039
 0.166 0.833 0.528 0.943
 0.543 -0.524 0.656 1.029
 0.000 0.000 0.000 1.000)

25.586711883544922
(0.835 0.149 -0.530 0.038
 0.172 0.844 0.508 0.947
 0.523 -0.515 0.679 1.015
 0.000 0.000 0.000 1.000)

25.603483200073242
(0.846 0.121 -0.520 0.037
 0.177 0.854 0.488 0.951
 0.503 -0.505 0.701 1.000
 0.000 0.000 0.000 1.000)

25.620254516601562
(0.858 0.097 -0.504 0.034
 0.180 0.863 0.472 0.955
 0.481 -0.495 0.724 0.985
 0.000 0.000 0.000 1.000)

25.636974334716797
(0.883 0.049 -0.467 0.027
 0.183 0.880 0.437 0.961
 0.432 -0.472 0.768 0.953
 0.000 0.000 0.000 1.000)

25.653533935546875
(0.894 0.027 -0.446 0.023
 0.184 0.888 0.423 0.964
 0.408 -0.460 0.789 0.937
 0.000 0.000 0.000 1.000)

25.670114517211914
(0.906 0.009 -0.423 0.017
 0.184 0.892 0.412 0.966
 0.381 -0.452 0.807 0.921
 0.000 0.000 0.000 1.000)

25.686819076538086
(0.918 -0.007 -0.395 0.010
 0.182 0.895 0.407 0.967
 0.351 -0.446 0.823 0.906
 0.000 0.000 0.000 1.000)

25.719268798828125
(0.930 -0.016 -0.367 0.003
 0.177 0.895 0.409 0.968
 0.322 -0.446 0.835 0.891
 0.000 0.000 0.000 1.000)

25.736854553222656
(0.940 -0.019 -0.341 -0.006
 0.168 0.894 0.415 0.968
 0.297 -0.447 0.844 0.877
 0.000 0.000 0.000 1.000)

