0.0
(1.000 0.000 0.000 0.000
 0.000 1.000 0.000 0.000
 0.000 0.000 1.000 0.000
 0.000 0.000 0.000 1.000)

0.002888202667236328
(1.000 0.000 0.000 0.000
 0.000 1.000 0.000 0.000
 0.000 0.000 1.000 0.000
 0.000 0.000 0.000 1.000)

0.002888202667236328
(1.000 0.000 0.000 0.000
 0.000 1.000 0.000 -1.000
 0.000 0.000 1.000 0.000
 0.000 0.000 0.000 1.000)

0.06671619415283203
(1.000 0.000 0.000 0.000
 0.000 1.000 0.000 -1.000
 0.000 0.000 1.000 0.000
 0.000 0.000 0.000 1.000)

0.08336710929870605
(1.000 0.000 0.000 0.000
 0.000 1.000 0.000 -1.000
 0.000 0.000 1.000 0.000
 0.000 0.000 0.000 1.000)

0.10004520416259766
(1.000 0.000 0.000 0.000
 0.000 1.000 0.000 -1.000
 0.000 0.000 1.000 0.000
 0.000 0.000 0.000 1.000)

0.11674904823303223
(1.000 0.000 0.000 0.000
 0.000 1.000 0.000 -1.000
 0.000 0.000 1.000 0.000
 0.000 0.000 0.000 1.000)

0.13344216346740723
(1.000 0.000 0.000 0.000
 0.000 1.000 0.000 -1.000
 0.000 0.000 1.000 0.000
 0.000 0.000 0.000 1.000)

0.1501011848449707
(1.000 0.000 0.000 0.000
 0.000 1.000 0.000 -1.000
 0.000 0.000 1.000 0.000
 0.000 0.000 0.000 1.000)

0.16678714752197266
(1.000 0.000 0.000 0.000
 0.000 1.000 0.000 -1.000
 0.000 0.000 1.000 0.000
 0.000 0.000 0.000 1.000)

0.18346810340881348
(1.000 0.000 0.000 0.000
 0.000 1.000 0.000 -1.000
 0.000 0.000 1.000 0.000
 0.000 0.000 0.000 1.000)

0.2001950740814209
(1.000 0.000 0.000 0.000
 0.000 1.000 0.000 -1.000
 0.000 0.000 1.000 0.000
 0.000 0.000 0.000 1.000)

0.22012114524841309
(1.000 0.000 0.000 0.000
 0.000 1.000 0.000 -1.000
 0.000 0.000 1.000 0.000
 0.000 0.000 0.000 1.000)

0.23674798011779785
(1.000 0.000 0.000 0.000
 0.000 1.000 0.000 -1.000
 0.000 0.000 1.000 0.000
 0.000 0.000 0.000 1.000)

0.2535521984100342
(1.000 0.000 0.000 0.000
 0.000 1.000 0.000 -1.000
 0.000 0.000 1.000 0.000
 0.000 0.000 0.000 1.000)

0.27014899253845215
(1.000 0.000 0.000 0.000
 0.000 1.000 0.000 -1.000
 0.000 0.000 1.000 0.000
 0.000 0.000 0.000 1.000)

0.28687310218811035
(1.000 0.000 0.000 0.000
 0.000 1.000 0.000 -1.000
 0.000 0.000 1.000 0.000
 0.000 0.000 0.000 1.000)

0.3035740852355957
(1.000 0.000 0.000 0.000
 0.000 1.000 0.000 -1.000
 0.000 0.000 1.000 0.000
 0.000 0.000 0.000 1.000)

0.3202641010284424
(1.000 0.000 0.000 0.000
 0.000 1.000 0.000 -1.000
 0.000 0.000 1.000 0.000
 0.000 0.000 0.000 1.000)

0.33895421028137207
(1.000 0.000 0.000 0.000
 0.000 1.000 0.000 -1.000
 0.000 0.000 1.000 0.000
 0.000 0.000 0.000 1.000)

0.35567307472229004
(1.000 0.000 0.000 0.000
 0.000 1.000 0.000 -1.000
 0.000 0.000 1.000 0.000
 0.000 0.000 0.000 1.000)

0.37242698669433594
(1.000 0.000 0.000 0.000
 0.000 1.000 0.000 -1.000
 0.000 0.000 1.000 0.000
 0.000 0.000 0.000 1.000)

0.3891901969909668
(1.000 0.000 0.000 0.000
 0.000 1.000 0.000 -1.000
 0.000 0.000 1.000 0.000
 0.000 0.000 0.000 1.000)

0.4058670997619629
(1.000 0.000 0.000 0.000
 0.000 1.000 0.000 -1.000
 0.000 0.000 1.000 0.000
 0.000 0.000 0.000 1.000)

0.4227921962738037
(1.000 0.000 0.000 0.000
 0.000 1.000 0.000 -1.000
 0.000 0.000 1.000 0.000
 0.000 0.000 0.000 1.000)

0.4392549991607666
(1.000 0.000 0.000 0.000
 0.000 1.000 0.000 -1.000
 0.000 0.000 1.000 0.000
 0.000 0.000 0.000 1.000)

0.4559969902038574
(1.000 0.000 0.000 0.000
 0.000 1.000 0.000 -1.000
 0.000 0.000 1.000 0.000
 0.000 0.000 0.000 1.000)

0.4727911949157715
(1.000 0.000 0.000 0.000
 0.000 1.000 0.000 -1.000
 0.000 0.000 1.000 0.000
 0.000 0.000 0.000 1.000)

0.4894900321960449
(1.000 0.000 0.000 0.000
 0.000 1.000 0.000 -1.000
 0.000 0.000 1.000 0.000
 0.000 0.000 0.000 1.000)

0.5062031745910645
(1.000 0.000 0.000 0.000
 0.000 1.000 0.000 -1.000
 0.000 0.000 1.000 0.000
 0.000 0.000 0.000 1.000)

0.5229270458221436
(1.000 0.000 0.000 0.000
 0.000 1.000 0.000 -1.000
 0.000 0.000 1.000 0.000
 0.000 0.000 0.000 1.000)

0.5396461486816406
(1.000 0.000 0.000 0.000
 0.000 1.000 0.000 -1.000
 0.000 0.000 1.000 0.000
 0.000 0.000 0.000 1.000)

0.5563712120056152
(1.000 0.000 0.000 0.000
 0.000 1.000 0.000 -1.000
 0.000 0.000 1.000 0.000
 0.000 0.000 0.000 1.000)

0.5731010437011719
(1.000 0.000 0.000 0.000
 0.000 1.000 0.000 -1.000
 0.000 0.000 1.000 0.000
 0.000 0.000 0.000 1.000)

0.5898110866546631
(1.000 0.000 0.000 0.000
 0.000 1.000 0.000 -1.000
 0.000 0.000 1.000 0.000
 0.000 0.000 0.000 1.000)

0.60654616355896
(1.000 0.000 0.000 0.000
 0.000 1.000 0.000 -1.000
 0.000 0.000 1.000 0.000
 0.000 0.000 0.000 1.000)

0.6231980323791504
(1.000 0.000 0.000 0.000
 0.000 1.000 0.000 -1.000
 0.000 0.000 1.000 0.000
 0.000 0.000 0.000 1.000)

0.6398451328277588
(1.000 0.000 0.000 0.000
 0.000 1.000 0.000 -1.000
 0.000 0.000 1.000 0.000
 0.000 0.000 0.000 1.000)

0.6565251350402832
(1.000 0.000 0.000 0.000
 0.000 1.000 0.000 -1.000
 0.000 0.000 1.000 0.000
 0.000 0.000 0.000 1.000)

0.6731932163238525
(1.000 0.000 0.000 0.000
 0.000 1.000 0.000 -1.000
 0.000 0.000 1.000 0.000
 0.000 0.000 0.000 1.000)

0.6898770332336426
(1.000 0.000 0.000 0.000
 0.000 1.000 0.000 -1.000
 0.000 0.000 1.000 0.000
 0.000 0.000 0.000 1.000)

0.7066700458526611
(1.000 0.000 0.000 0.000
 0.000 1.000 0.000 -1.000
 0.000 0.000 1.000 0.000
 0.000 0.000 0.000 1.000)

0.7233781814575195
(1.000 0.000 0.000 0.000
 0.000 1.000 0.000 -1.000
 0.000 0.000 1.000 0.000
 0.000 0.000 0.000 1.000)

0.740103006362915
(1.000 0.000 0.000 0.000
 0.000 1.000 0.000 -1.000
 0.000 0.000 1.000 0.000
 0.000 0.000 0.000 1.000)

0.7568190097808838
(1.000 0.000 0.000 0.000
 0.000 1.000 0.000 -1.000
 0.000 0.000 1.000 0.000
 0.000 0.000 0.000 1.000)

0.7734661102294922
(1.000 0.000 0.000 0.000
 0.000 1.000 0.000 -1.000
 0.000 0.000 1.000 0.000
 0.000 0.000 0.000 1.000)

0.7902390956878662
(1.000 0.000 0.000 0.000
 0.000 1.000 0.000 -1.000
 0.000 0.000 1.000 0.000
 0.000 0.000 0.000 1.000)

0.8069660663604736
(1.000 0.000 0.000 0.000
 0.000 1.000 0.000 -1.000
 0.000 0.000 1.000 0.000
 0.000 0.000 0.000 1.000)

0.8236939907073975
(1.000 0.000 0.000 0.000
 0.000 1.000 0.000 -1.000
 0.000 0.000 1.000 0.000
 0.000 0.000 0.000 1.000)

0.8404190540313721
(1.000 0.000 0.000 0.000
 0.000 1.000 0.000 -1.000
 0.000 0.000 1.000 0.000
 0.000 0.000 0.000 1.000)

0.8571422100067139
(1.000 0.000 0.000 0.000
 0.000 1.000 0.000 -1.000
 0.000 0.000 1.000 0.000
 0.000 0.000 0.000 1.000)

0.8738391399383545
(1.000 0.000 0.000 0.000
 0.000 1.000 0.000 -1.000
 0.000 0.000 1.000 0.000
 0.000 0.000 0.000 1.000)

0.8905980587005615
(1.000 0.000 0.000 0.000
 0.000 1.000 0.000 -1.000
 0.000 0.000 1.000 0.000
 0.000 0.000 0.000 1.000)

0.907311201095581
(1.000 0.000 0.000 0.000
 0.000 1.000 0.000 -1.000
 0.000 0.000 1.000 0.000
 0.000 0.000 0.000 1.000)

0.9240360260009766
(1.000 0.000 0.000 0.000
 0.000 1.000 0.000 -1.000
 0.000 0.000 1.000 0.000
 0.000 0.000 0.000 1.000)

0.94075608253479
(1.000 0.000 0.000 0.000
 0.000 1.000 0.000 -1.000
 0.000 0.000 1.000 0.000
 0.000 0.000 0.000 1.000)

0.9575111865997314
(1.000 0.000 0.000 0.000
 0.000 1.000 0.000 -1.000
 0.000 0.000 1.000 0.000
 0.000 0.000 0.000 1.000)

0.9741652011871338
(1.000 0.000 0.000 0.000
 0.000 1.000 0.000 -1.000
 0.000 0.000 1.000 0.000
 0.000 0.000 0.000 1.000)

0.9908401966094971
(1.000 0.000 0.000 0.000
 0.000 1.000 0.000 -1.000
 0.000 0.000 1.000 0.000
 0.000 0.000 0.000 1.000)

1.0074951648712158
(1.000 0.000 0.000 0.000
 0.000 1.000 0.000 -1.000
 0.000 0.000 1.000 0.000
 0.000 0.000 0.000 1.000)

1.0241661071777344
(1.000 0.000 0.000 0.000
 0.000 1.000 0.000 -1.000
 0.000 0.000 1.000 0.000
 0.000 0.000 0.000 1.000)

1.0408451557159424
(1.000 0.000 0.000 0.000
 0.000 1.000 0.000 -1.000
 0.000 0.000 1.000 0.000
 0.000 0.000 0.000 1.000)

1.057516098022461
(1.000 0.000 0.000 0.000
 0.000 1.000 0.000 -1.000
 0.000 0.000 1.000 0.000
 0.000 0.000 0.000 1.000)

1.0743260383605957
(1.000 0.000 0.000 0.000
 0.000 1.000 0.000 -1.000
 0.000 0.000 1.000 0.000
 0.000 0.000 0.000 1.000)

1.0910511016845703
(1.000 0.000 0.000 0.000
 0.000 1.000 0.000 -1.000
 0.000 0.000 1.000 0.000
 0.000 0.000 0.000 1.000)

1.1077802181243896
(1.000 0.000 0.000 0.000
 0.000 1.000 0.000 -1.000
 0.000 0.000 1.000 0.000
 0.000 0.000 0.000 1.000)

1.1244912147521973
(1.000 0.000 0.000 0.000
 0.000 1.000 0.000 -1.000
 0.000 0.000 1.000 0.000
 0.000 0.000 0.000 1.000)

1.1412181854248047
(1.000 0.000 0.000 0.000
 0.000 1.000 0.000 -1.000
 0.000 0.000 1.000 0.000
 0.000 0.000 0.000 1.000)

1.1579101085662842
(1.000 0.000 0.000 0.000
 0.000 1.000 0.000 -1.000
 0.000 0.000 1.000 0.000
 0.000 0.000 0.000 1.000)

1.1746671199798584
(1.000 0.000 0.000 0.000
 0.000 1.000 0.000 -1.000
 0.000 0.000 1.000 0.000
 0.000 0.000 0.000 1.000)

1.1913859844207764
(1.000 0.000 0.000 0.000
 0.000 1.000 0.000 -1.000
 0.000 0.000 1.000 0.000
 0.000 0.000 0.000 1.000)

1.208118200302124
(1.000 0.000 0.000 0.000
 0.000 1.000 0.000 -1.000
 0.000 0.000 1.000 0.000
 0.000 0.000 0.000 1.000)

1.2248342037200928
(1.000 0.000 0.000 0.000
 0.000 1.000 0.000 -1.000
 0.000 0.000 1.000 0.000
 0.000 0.000 0.000 1.000)

1.2415590286254883
(1.000 0.000 0.000 0.000
 0.000 1.000 0.000 -1.000
 0.000 0.000 1.000 0.000
 0.000 0.000 0.000 1.000)

1.2582881450653076
(1.000 0.000 0.000 0.000
 0.000 1.000 0.000 -1.000
 0.000 0.000 1.000 0.000
 0.000 0.000 0.000 1.000)

1.2750120162963867
(1.000 0.000 0.000 0.000
 0.000 1.000 0.000 -1.000
 0.000 0.000 1.000 0.000
 0.000 0.000 0.000 1.000)

1.2917351722717285
(1.000 0.000 0.000 0.000
 0.000 1.000 0.000 -1.000
 0.000 0.000 1.000 0.000
 0.000 0.000 0.000 1.000)

1.308462142944336
(1.000 0.000 0.000 0.000
 0.000 1.000 0.000 -1.000
 0.000 0.000 1.000 0.000
 0.000 0.000 0.000 1.000)

1.325188159942627
(1.000 0.000 0.000 0.000
 0.000 1.000 0.000 -1.000
 0.000 0.000 1.000 0.000
 0.000 0.000 0.000 1.000)

1.3418750762939453
(1.000 0.000 0.000 0.000
 0.000 1.000 0.000 -1.000
 0.000 0.000 1.000 0.000
 0.000 0.000 0.000 1.000)

1.3586452007293701
(1.000 0.000 0.000 0.000
 0.000 1.000 0.000 -1.000
 0.000 0.000 1.000 0.000
 0.000 0.000 0.000 1.000)

1.3753650188446045
(1.000 0.000 0.000 0.000
 0.000 1.000 0.000 -1.000
 0.000 0.000 1.000 0.000
 0.000 0.000 0.000 1.000)

1.3920950889587402
(1.000 0.000 0.000 0.000
 0.000 1.000 0.000 -1.000
 0.000 0.000 1.000 0.000
 0.000 0.000 0.000 1.000)

1.4088170528411865
(1.000 0.000 0.000 0.000
 0.000 1.000 0.000 -1.000
 0.000 0.000 1.000 0.000
 0.000 0.000 0.000 1.000)

1.4255421161651611
(1.000 0.000 0.000 0.000
 0.000 1.000 0.000 -1.000
 0.000 0.000 1.000 0.000
 0.000 0.000 0.000 1.000)

1.4422740936279297
(1.000 0.000 0.000 0.000
 0.000 1.000 0.000 -1.000
 0.000 0.000 1.000 0.000
 0.000 0.000 0.000 1.000)

1.458998203277588
(1.000 0.000 0.000 0.000
 0.000 1.000 0.000 -1.000
 0.000 0.000 1.000 0.000
 0.000 0.000 0.000 1.000)

1.4757239818572998
(1.000 0.000 0.000 0.000
 0.000 1.000 0.000 -1.000
 0.000 0.000 1.000 0.000
 0.000 0.000 0.000 1.000)

1.4924471378326416
(1.000 0.000 0.000 0.000
 0.000 1.000 0.000 -1.000
 0.000 0.000 1.000 0.000
 0.000 0.000 0.000 1.000)

1.5091710090637207
(1.000 0.000 0.000 0.000
 0.000 1.000 0.000 -1.000
 0.000 0.000 1.000 0.000
 0.000 0.000 0.000 1.000)

1.525862216949463
(1.000 0.000 0.000 0.000
 0.000 1.000 0.000 -1.000
 0.000 0.000 1.000 0.000
 0.000 0.000 0.000 1.000)

1.5426220893859863
(1.000 0.000 0.000 0.000
 0.000 1.000 0.000 -1.000
 0.000 0.000 1.000 0.000
 0.000 0.000 0.000 1.000)

1.5593512058258057
(1.000 0.000 0.000 0.000
 0.000 1.000 0.000 -1.000
 0.000 0.000 1.000 0.000
 0.000 0.000 0.000 1.000)

1.5760722160339355
(1.000 0.000 0.000 0.000
 0.000 1.000 0.000 -1.000
 0.000 0.000 1.000 0.000
 0.000 0.000 0.000 1.000)

1.592799186706543
(1.000 0.000 0.000 0.000
 0.000 1.000 0.000 -1.000
 0.000 0.000 1.000 0.000
 0.000 0.000 0.000 1.000)

1.6095061302185059
(1.000 0.000 0.000 0.000
 0.000 1.000 0.000 -1.000
 0.000 0.000 1.000 0.000
 0.000 0.000 0.000 1.000)

1.6262311935424805
(1.000 0.000 0.000 0.000
 0.000 1.000 0.000 -1.000
 0.000 0.000 1.000 0.000
 0.000 0.000 0.000 1.000)

1.642958164215088
(1.000 0.000 0.000 0.000
 0.000 1.000 0.000 -1.000
 0.000 0.000 1.000 0.000
 0.000 0.000 0.000 1.000)

1.659682035446167
(1.000 0.000 0.000 0.000
 0.000 1.000 0.000 -1.000
 0.000 0.000 1.000 0.000
 0.000 0.000 0.000 1.000)

1.676408052444458
(1.000 0.000 0.000 0.000
 0.000 1.000 0.000 -1.000
 0.000 0.000 1.000 0.000
 0.000 0.000 0.000 1.000)

1.693134069442749
(1.000 0.000 0.000 0.000
 0.000 1.000 0.000 -1.000
 0.000 0.000 1.000 0.000
 0.000 0.000 0.000 1.000)

1.709834098815918
(1.000 0.000 0.000 0.000
 0.000 1.000 0.000 -1.000
 0.000 0.000 1.000 0.000
 0.000 0.000 0.000 1.000)

1.7265851497650146
(1.000 0.000 0.000 0.000
 0.000 1.000 0.000 -1.000
 0.000 0.000 1.000 0.000
 0.000 0.000 0.000 1.000)

1.7433061599731445
(1.000 0.000 0.000 0.000
 0.000 1.000 0.000 -1.000
 0.000 0.000 1.000 0.000
 0.000 0.000 0.000 1.000)

1.7600321769714355
(1.000 0.000 0.000 0.000
 0.000 1.000 0.000 -1.000
 0.000 0.000 1.000 0.000
 0.000 0.000 0.000 1.000)

1.776759147644043
(1.000 0.000 0.000 0.000
 0.000 1.000 0.000 -1.000
 0.000 0.000 1.000 0.000
 0.000 0.000 0.000 1.000)

1.793485164642334
(1.000 0.000 0.000 0.000
 0.000 1.000 0.000 -1.000
 0.000 0.000 1.000 0.000
 0.000 0.000 0.000 1.000)

1.8102130889892578
(1.000 0.000 0.000 0.000
 0.000 1.000 0.000 -1.000
 0.000 0.000 1.000 0.000
 0.000 0.000 0.000 1.000)

1.8269271850585938
(1.000 0.000 0.000 0.000
 0.000 1.000 0.000 -1.000
 0.000 0.000 1.000 0.000
 0.000 0.000 0.000 1.000)

1.843656063079834
(1.000 0.000 0.000 0.000
 0.000 1.000 0.000 -1.000
 0.000 0.000 1.000 0.000
 0.000 0.000 0.000 1.000)

1.8603780269622803
(1.000 0.000 0.000 0.000
 0.000 1.000 0.000 -1.000
 0.000 0.000 1.000 0.000
 0.000 0.000 0.000 1.000)

1.8771021366119385
(1.000 0.000 0.000 0.000
 0.000 1.000 0.000 -1.000
 0.000 0.000 1.000 0.000
 0.000 0.000 0.000 1.000)

1.8938171863555908
(1.000 0.000 0.000 0.000
 0.000 1.000 0.000 -1.000
 0.000 0.000 1.000 0.000
 0.000 0.000 0.000 1.000)

1.9105591773986816
(1.000 0.000 0.000 0.000
 0.000 1.000 0.000 -1.000
 0.000 0.000 1.000 0.000
 0.000 0.000 0.000 1.000)

1.9272851943969727
(1.000 0.000 0.000 0.000
 0.000 1.000 0.000 -1.000
 0.000 0.000 1.000 0.000
 0.000 0.000 0.000 1.000)

1.944014072418213
(1.000 0.000 0.000 0.000
 0.000 1.000 0.000 -1.000
 0.000 0.000 1.000 0.000
 0.000 0.000 0.000 1.000)

1.9607350826263428
(1.000 0.000 0.000 0.000
 0.000 1.000 0.000 -1.000
 0.000 0.000 1.000 0.000
 0.000 0.000 0.000 1.000)

1.977466106414795
(1.000 0.000 0.000 0.000
 0.000 1.000 0.000 -1.000
 0.000 0.000 1.000 0.000
 0.000 0.000 0.000 1.000)

1.9941890239715576
(1.000 0.000 0.000 0.000
 0.000 1.000 0.000 -1.000
 0.000 0.000 1.000 0.000
 0.000 0.000 0.000 1.000)

2.0109150409698486
(1.000 0.000 0.000 0.000
 0.000 1.000 0.000 -1.000
 0.000 0.000 1.000 0.000
 0.000 0.000 0.000 1.000)

2.027644157409668
(1.000 0.000 0.000 0.000
 0.000 1.000 0.000 -1.000
 0.000 0.000 1.000 0.000
 0.000 0.000 0.000 1.000)

2.044368028640747
(1.000 0.000 0.000 0.000
 0.000 1.000 0.000 -1.000
 0.000 0.000 1.000 0.000
 0.000 0.000 0.000 1.000)

2.0611000061035156
(1.000 0.000 0.000 0.000
 0.000 1.000 0.000 -1.000
 0.000 0.000 1.000 0.000
 0.000 0.000 0.000 1.000)

2.0778110027313232
(1.000 0.000 0.000 0.000
 0.000 1.000 0.000 -1.000
 0.000 0.000 1.000 0.000
 0.000 0.000 0.000 1.000)

2.09454607963562
(1.000 0.000 0.000 0.000
 0.000 1.000 0.000 -1.000
 0.000 0.000 1.000 0.000
 0.000 0.000 0.000 1.000)

2.1112711429595947
(1.000 0.000 0.000 0.000
 0.000 1.000 0.000 -1.000
 0.000 0.000 1.000 0.000
 0.000 0.000 0.000 1.000)

2.1279971599578857
(1.000 0.000 0.000 0.000
 0.000 1.000 0.000 -1.000
 0.000 0.000 1.000 0.000
 0.000 0.000 0.000 1.000)

2.1447150707244873
(1.000 0.000 0.000 0.000
 0.000 1.000 0.000 -1.000
 0.000 0.000 1.000 0.000
 0.000 0.000 0.000 1.000)

2.161457061767578
(1.000 0.000 0.000 0.000
 0.000 1.000 0.000 -1.000
 0.000 0.000 1.000 0.000
 0.000 0.000 0.000 1.000)

2.1781680583953857
(1.000 0.000 0.000 0.000
 0.000 1.000 0.000 -1.000
 0.000 0.000 1.000 0.000
 0.000 0.000 0.000 1.000)

2.194883108139038
(1.000 0.000 0.000 0.000
 0.000 1.000 0.000 -1.000
 0.000 0.000 1.000 0.000
 0.000 0.000 0.000 1.000)

2.211609125137329
(1.000 0.000 0.000 0.000
 0.000 1.000 0.000 -1.000
 0.000 0.000 1.000 0.000
 0.000 0.000 0.000 1.000)

2.228307008743286
(1.000 0.000 0.000 0.000
 0.000 1.000 0.000 -1.000
 0.000 0.000 1.000 0.000
 0.000 0.000 0.000 1.000)

2.245059013366699
(1.000 0.000 0.000 0.000
 0.000 1.000 0.000 -1.000
 0.000 0.000 1.000 0.000
 0.000 0.000 0.000 1.000)

2.261751174926758
(1.000 0.000 0.000 0.000
 0.000 1.000 0.000 -1.000
 0.000 0.000 1.000 0.000
 0.000 0.000 0.000 1.000)

2.278503179550171
(1.000 0.000 0.000 0.000
 0.000 1.000 0.000 -1.000
 0.000 0.000 1.000 0.000
 0.000 0.000 0.000 1.000)

2.2951250076293945
(1.000 0.000 0.000 0.000
 0.000 1.000 0.000 -1.000
 0.000 0.000 1.000 0.000
 0.000 0.000 0.000 1.000)

2.311908006668091
(1.000 0.000 0.000 0.000
 0.000 1.000 0.000 -1.000
 0.000 0.000 1.000 0.000
 0.000 0.000 0.000 1.000)

2.3286330699920654
(1.000 0.000 0.000 0.000
 0.000 1.000 0.000 -1.000
 0.000 0.000 1.000 0.000
 0.000 0.000 0.000 1.000)

2.3453590869903564
(1.000 0.000 0.000 0.000
 0.000 1.000 0.000 -1.000
 0.000 0.000 1.000 0.000
 0.000 0.000 0.000 1.000)

2.3620800971984863
(1.000 0.000 0.000 0.000
 0.000 1.000 0.000 -1.000
 0.000 0.000 1.000 0.000
 0.000 0.000 0.000 1.000)

2.3787992000579834
(1.000 0.000 0.000 0.000
 0.000 1.000 0.000 -1.000
 0.000 0.000 1.000 0.000
 0.000 0.000 0.000 1.000)

2.395524024963379
(1.000 0.000 0.000 0.000
 0.000 1.000 0.000 -1.000
 0.000 0.000 1.000 0.000
 0.000 0.000 0.000 1.000)

2.41225004196167
(1.000 0.000 0.000 0.000
 0.000 1.000 0.000 -1.000
 0.000 0.000 1.000 0.000
 0.000 0.000 0.000 1.000)

2.4289700984954834
(1.000 0.000 0.000 0.000
 0.000 1.000 0.000 -1.000
 0.000 0.000 1.000 0.000
 0.000 0.000 0.000 1.000)

2.4457080364227295
(1.000 0.000 0.000 0.000
 0.000 1.000 0.000 -1.000
 0.000 0.000 1.000 0.000
 0.000 0.000 0.000 1.000)

2.462423086166382
(1.000 0.000 0.000 0.000
 0.000 1.000 0.000 -1.000
 0.000 0.000 1.000 0.000
 0.000 0.000 0.000 1.000)

2.4791440963745117
(1.000 0.000 0.000 0.000
 0.000 1.000 0.000 -1.000
 0.000 0.000 1.000 0.000
 0.000 0.000 0.000 1.000)

2.4958670139312744
(1.000 0.000 0.000 0.000
 0.000 1.000 0.000 -1.000
 0.000 0.000 1.000 0.000
 0.000 0.000 0.000 1.000)

2.5126030445098877
(1.000 0.000 0.000 0.000
 0.000 1.000 0.000 -1.000
 0.000 0.000 1.000 0.000
 0.000 0.000 0.000 1.000)

2.529340982437134
(1.000 0.000 0.000 0.000
 0.000 1.000 0.000 -1.000
 0.000 0.000 1.000 0.000
 0.000 0.000 0.000 1.000)

2.5460691452026367
(1.000 0.000 0.000 0.000
 0.000 1.000 0.000 -1.000
 0.000 0.000 1.000 0.000
 0.000 0.000 0.000 1.000)

2.56280517578125
(1.000 0.000 0.000 0.000
 0.000 1.000 0.000 -1.000
 0.000 0.000 1.000 0.000
 0.000 0.000 0.000 1.000)

2.5795440673828125
(1.000 0.000 0.000 0.000
 0.000 1.000 0.000 -1.000
 0.000 0.000 1.000 0.000
 0.000 0.000 0.000 1.000)

2.5962860584259033
(1.000 0.000 0.000 0.000
 0.000 1.000 0.000 -1.000
 0.000 0.000 1.000 0.000
 0.000 0.000 0.000 1.000)

2.6130261421203613
(1.000 0.000 0.000 0.000
 0.000 1.000 0.000 -1.000
 0.000 0.000 1.000 0.000
 0.000 0.000 0.000 1.000)

2.6297690868377686
(1.000 0.000 0.000 0.000
 0.000 1.000 0.000 -1.000
 0.000 0.000 1.000 0.000
 0.000 0.000 0.000 1.000)

2.6465160846710205
(1.000 0.000 0.000 0.000
 0.000 1.000 0.000 -1.000
 0.000 0.000 1.000 0.000
 0.000 0.000 0.000 1.000)

2.663252115249634
(1.000 0.000 0.000 0.000
 0.000 1.000 0.000 -1.000
 0.000 0.000 1.000 0.000
 0.000 0.000 0.000 1.000)

2.679993152618408
(1.000 0.000 0.000 0.000
 0.000 1.000 0.000 -1.000
 0.000 0.000 1.000 0.000
 0.000 0.000 0.000 1.000)

2.696704149246216
(1.000 0.000 0.000 0.000
 0.000 1.000 0.000 -1.000
 0.000 0.000 1.000 0.000
 0.000 0.000 0.000 1.000)

2.7134711742401123
(1.000 0.000 0.000 0.000
 0.000 1.000 0.000 -1.000
 0.000 0.000 1.000 0.000
 0.000 0.000 0.000 1.000)

2.730213165283203
(1.000 0.000 0.000 0.000
 0.000 1.000 0.000 -1.000
 0.000 0.000 1.000 0.000
 0.000 0.000 0.000 1.000)

2.7469520568847656
(1.000 0.000 0.000 0.000
 0.000 1.000 0.000 -1.000
 0.000 0.000 1.000 0.000
 0.000 0.000 0.000 1.000)

2.7636911869049072
(1.000 0.000 0.000 0.000
 0.000 1.000 0.000 -1.000
 0.000 0.000 1.000 0.000
 0.000 0.000 0.000 1.000)

2.7804319858551025
(1.000 0.000 0.000 0.000
 0.000 1.000 0.000 -1.000
 0.000 0.000 1.000 0.000
 0.000 0.000 0.000 1.000)

2.7971742153167725
(1.000 0.000 0.000 0.000
 0.000 1.000 0.000 -1.000
 0.000 0.000 1.000 0.000
 0.000 0.000 0.000 1.000)

2.813873052597046
(1.000 0.000 0.000 0.000
 0.000 1.000 0.000 -1.000
 0.000 0.000 1.000 0.000
 0.000 0.000 0.000 1.000)

2.83064603805542
(1.000 0.000 0.000 0.000
 0.000 1.000 0.000 -1.000
 0.000 0.000 1.000 0.000
 0.000 0.000 0.000 1.000)

2.847382068634033
(1.000 0.000 0.000 0.000
 0.000 1.000 0.000 -1.000
 0.000 0.000 1.000 0.000
 0.000 0.000 0.000 1.000)

2.8641271591186523
(1.000 0.000 0.000 0.000
 0.000 1.000 0.000 -1.000
 0.000 0.000 1.000 0.000
 0.000 0.000 0.000 1.000)

2.8808670043945312
(1.000 0.000 0.000 0.000
 0.000 1.000 0.000 -1.000
 0.000 0.000 1.000 0.000
 0.000 0.000 0.000 1.000)

2.8976070880889893
(1.000 0.000 0.000 0.000
 0.000 1.000 0.000 -1.000
 0.000 0.000 1.000 0.000
 0.000 0.000 0.000 1.000)

2.914353132247925
(1.000 0.000 0.000 0.000
 0.000 1.000 0.000 -1.000
 0.000 0.000 1.000 0.000
 0.000 0.000 0.000 1.000)

2.931089162826538
(1.000 0.000 0.000 0.000
 0.000 1.000 0.000 -1.000
 0.000 0.000 1.000 0.000
 0.000 0.000 0.000 1.000)

2.9478321075439453
(1.000 0.000 0.000 0.000
 0.000 1.000 0.000 -1.000
 0.000 0.000 1.000 0.000
 0.000 0.000 0.000 1.000)

2.9645731449127197
(1.000 0.000 0.000 0.000
 0.000 1.000 0.000 -1.000
 0.000 0.000 1.000 0.000
 0.000 0.000 0.000 1.000)

2.9813170433044434
(1.000 0.000 0.000 0.000
 0.000 1.000 0.000 -1.000
 0.000 0.000 1.000 0.000
 0.000 0.000 0.000 1.000)

2.9980571269989014
(1.000 0.000 0.000 0.000
 0.000 1.000 0.000 -1.000
 0.000 0.000 1.000 0.000
 0.000 0.000 0.000 1.000)

3.014794111251831
(1.000 0.000 0.000 0.000
 0.000 1.000 0.000 -1.000
 0.000 0.000 1.000 0.000
 0.000 0.000 0.000 1.000)

3.031541109085083
(1.000 0.000 0.000 0.000
 0.000 1.000 0.000 -1.000
 0.000 0.000 1.000 0.000
 0.000 0.000 0.000 1.000)

3.1667850017547607
(1.000 0.000 0.000 0.000
 0.000 1.000 0.000 -1.000
 0.000 0.000 1.000 0.000
 0.000 0.000 0.000 1.000)

3.18359112739563
(1.000 0.000 0.000 0.000
 0.000 1.000 0.000 -1.000
 0.000 0.000 1.000 0.000
 0.000 0.000 0.000 1.000)

3.2003331184387207
(1.000 0.000 0.000 0.000
 0.000 1.000 0.000 -1.000
 0.000 0.000 1.000 0.000
 0.000 0.000 0.000 1.000)

3.2170732021331787
(1.000 0.000 0.000 0.000
 0.000 1.000 0.000 -1.000
 0.000 0.000 1.000 0.000
 0.000 0.000 0.000 1.000)

3.23380708694458
(1.000 0.000 0.000 0.000
 0.000 1.000 0.000 -1.000
 0.000 0.000 1.000 0.000
 0.000 0.000 0.000 1.000)

3.250563144683838
(1.000 0.000 0.000 0.000
 0.000 1.000 0.000 -1.000
 0.000 0.000 1.000 0.000
 0.000 0.000 0.000 1.000)

3.267287015914917
(1.000 0.000 0.000 0.000
 0.000 1.000 0.000 -1.000
 0.000 0.000 1.000 0.000
 0.000 0.000 0.000 1.000)

3.2840240001678467
(1.000 0.000 0.000 0.000
 0.000 1.000 0.000 -1.000
 0.000 0.000 1.000 0.000
 0.000 0.000 0.000 1.000)

3.300751209259033
(1.000 0.000 0.000 0.000
 0.000 1.000 0.000 -1.000
 0.000 0.000 1.000 0.000
 0.000 0.000 0.000 1.000)

3.3174941539764404
(1.000 0.000 0.000 0.000
 0.000 1.000 0.000 -1.000
 0.000 0.000 1.000 0.000
 0.000 0.000 0.000 1.000)

3.334205150604248
(1.000 0.000 0.000 0.000
 0.000 1.000 0.000 -1.000
 0.000 0.000 1.000 0.000
 0.000 0.000 0.000 1.000)

3.3509511947631836
(1.000 0.000 0.000 0.000
 0.000 1.000 0.000 -1.000
 0.000 0.000 1.000 0.000
 0.000 0.000 0.000 1.000)

3.3676741123199463
(1.000 0.000 0.000 0.000
 0.000 1.000 0.000 -1.000
 0.000 0.000 1.000 0.000
 0.000 0.000 0.000 1.000)

3.3844101428985596
(1.000 0.000 0.000 0.000
 0.000 1.000 0.000 -1.000
 0.000 0.000 1.000 0.000
 0.000 0.000 0.000 1.000)

3.4011521339416504
(1.000 0.000 0.000 0.000
 0.000 1.000 0.000 -1.000
 0.000 0.000 1.000 0.000
 0.000 0.000 0.000 1.000)

3.4178571701049805
(1.000 0.000 0.000 0.000
 0.000 1.000 0.000 -1.000
 0.000 0.000 1.000 0.000
 0.000 0.000 0.000 1.000)

3.434631109237671
(1.000 0.000 0.000 0.000
 0.000 1.000 0.000 -1.000
 0.000 0.000 1.000 0.000
 0.000 0.000 0.000 1.000)

3.4513649940490723
(1.000 0.000 0.000 0.000
 0.000 1.000 0.000 -1.000
 0.000 0.000 1.000 0.000
 0.000 0.000 0.000 1.000)

3.4681081771850586
(1.000 0.000 0.000 0.000
 0.000 1.000 0.000 -1.000
 0.000 0.000 1.000 0.000
 0.000 0.000 0.000 1.000)

3.4848530292510986
(1.000 0.000 0.000 0.000
 0.000 1.000 0.000 -1.000
 0.000 0.000 1.000 0.000
 0.000 0.000 0.000 1.000)

3.501589059829712
(1.000 0.000 0.000 0.000
 0.000 1.000 0.000 -1.000
 0.000 0.000 1.000 0.000
 0.000 0.000 0.000 1.000)

3.51832914352417
(1.000 0.000 0.000 0.000
 0.000 1.000 0.000 -1.000
 0.000 0.000 1.000 0.000
 0.000 0.000 0.000 1.000)

3.535072088241577
(1.000 0.000 0.000 0.000
 0.000 1.000 0.000 -1.000
 0.000 0.000 1.000 0.000
 0.000 0.000 0.000 1.000)

3.551812171936035
(1.000 0.000 0.000 0.000
 0.000 1.000 0.000 -1.000
 0.000 0.000 1.000 0.000
 0.000 0.000 0.000 1.000)

3.5685532093048096
(1.000 0.000 0.000 0.000
 0.000 1.000 0.000 -1.000
 0.000 0.000 1.000 0.000
 0.000 0.000 0.000 1.000)

3.5852930545806885
(1.000 0.000 0.000 0.000
 0.000 1.000 0.000 -1.000
 0.000 0.000 1.000 0.000
 0.000 0.000 0.000 1.000)

3.602039098739624
(1.000 0.000 0.000 0.000
 0.000 1.000 0.000 -1.000
 0.000 0.000 1.000 0.000
 0.000 0.000 0.000 1.000)

3.6187820434570312
(1.000 0.000 0.000 0.000
 0.000 1.000 0.000 -1.000
 0.000 0.000 1.000 0.000
 0.000 0.000 0.000 1.000)

3.635512113571167
(1.000 0.000 0.000 0.000
 0.000 1.000 0.000 -1.000
 0.000 0.000 1.000 0.000
 0.000 0.000 0.000 1.000)

3.6522531509399414
(1.000 0.000 0.000 0.000
 0.000 1.000 0.000 -1.000
 0.000 0.000 1.000 0.000
 0.000 0.000 0.000 1.000)

3.668992042541504
(1.000 0.000 0.000 0.000
 0.000 1.000 0.000 -1.000
 0.000 0.000 1.000 0.000
 0.000 0.000 0.000 1.000)

3.6857450008392334
(1.000 0.000 0.000 0.000
 0.000 1.000 0.000 -1.000
 0.000 0.000 1.000 0.000
 0.000 0.000 0.000 1.000)

3.7024731636047363
(1.000 0.000 0.000 0.000
 0.000 1.000 0.000 -1.000
 0.000 0.000 1.000 0.000
 0.000 0.000 0.000 1.000)

3.719210147857666
(1.000 0.000 0.000 0.000
 0.000 1.000 0.000 -1.000
 0.000 0.000 1.000 0.000
 0.000 0.000 0.000 1.000)

3.7359530925750732
(1.000 0.000 0.000 0.000
 0.000 1.000 0.000 -1.000
 0.000 0.000 1.000 0.000
 0.000 0.000 0.000 1.000)

3.752695083618164
(1.000 0.000 0.000 0.000
 0.000 1.000 0.000 -1.000
 0.000 0.000 1.000 0.000
 0.000 0.000 0.000 1.000)

3.7694129943847656
(1.000 0.000 0.000 0.000
 0.000 1.000 0.000 -1.000
 0.000 0.000 1.000 0.000
 0.000 0.000 0.000 1.000)

3.7861740589141846
(1.000 0.000 0.000 0.000
 0.000 1.000 0.000 -1.000
 0.000 0.000 1.000 0.000
 0.000 0.000 0.000 1.000)

3.802931070327759
(1.000 0.000 0.000 0.000
 0.000 1.000 0.000 -1.000
 0.000 0.000 1.000 0.000
 0.000 0.000 0.000 1.000)

3.8196539878845215
(1.000 0.000 0.000 0.000
 0.000 1.000 0.000 -1.000
 0.000 0.000 1.000 0.000
 0.000 0.000 0.000 1.000)

3.836393117904663
(1.000 0.000 0.000 0.000
 0.000 1.000 0.000 -1.000
 0.000 0.000 1.000 0.000
 0.000 0.000 0.000 1.000)

3.8531270027160645
(1.000 0.000 0.000 0.000
 0.000 1.000 0.000 -1.000
 0.000 0.000 1.000 0.000
 0.000 0.000 0.000 1.000)

3.869842052459717
(1.000 0.000 0.000 0.000
 0.000 1.000 0.000 -1.000
 0.000 0.000 1.000 0.000
 0.000 0.000 0.000 1.000)

3.8866071701049805
(1.000 0.000 0.000 0.000
 0.000 1.000 0.000 -1.000
 0.000 0.000 1.000 0.000
 0.000 0.000 0.000 1.000)

3.903346061706543
(1.000 0.000 0.000 0.000
 0.000 1.000 0.000 -1.000
 0.000 0.000 1.000 0.000
 0.000 0.000 0.000 1.000)

3.920093059539795
(1.000 0.000 0.000 0.000
 0.000 1.000 0.000 -1.000
 0.000 0.000 1.000 0.000
 0.000 0.000 0.000 1.000)

3.9368371963500977
(1.000 0.000 0.000 0.000
 0.000 1.000 0.000 -1.000
 0.000 0.000 1.000 0.000
 0.000 0.000 0.000 1.000)

3.9535751342773438
(1.000 0.000 0.000 0.000
 0.000 1.000 0.000 -1.000
 0.000 0.000 1.000 0.000
 0.000 0.000 0.000 1.000)

3.970318078994751
(1.000 0.000 0.000 0.000
 0.000 1.000 0.000 -1.000
 0.000 0.000 1.000 0.000
 0.000 0.000 0.000 1.000)

3.9870522022247314
(1.000 0.000 0.000 0.000
 0.000 1.000 0.000 -1.000
 0.000 0.000 1.000 0.000
 0.000 0.000 0.000 1.000)

4.003792762756348
(1.000 0.000 0.000 0.000
 0.000 1.000 0.000 -1.000
 0.000 0.000 1.000 0.000
 0.000 0.000 0.000 1.000)

4.020533084869385
(1.000 0.000 0.000 0.000
 0.000 1.000 0.000 -1.000
 0.000 0.000 1.000 0.000
 0.000 0.000 0.000 1.000)

4.037273406982422
(1.000 0.000 0.000 0.000
 0.000 1.000 0.000 -1.000
 0.000 0.000 1.000 0.000
 0.000 0.000 0.000 1.000)

4.054010391235352
(1.000 0.000 0.000 0.000
 0.000 1.000 0.000 -1.000
 0.000 0.000 1.000 0.000
 0.000 0.000 0.000 1.000)

4.070755958557129
(1.000 0.000 0.000 0.000
 0.000 1.000 0.000 -1.000
 0.000 0.000 1.000 0.000
 0.000 0.000 0.000 1.000)

4.087494850158691
(1.000 0.000 0.000 0.000
 0.000 1.000 0.000 -1.000
 0.000 0.000 1.000 0.000
 0.000 0.000 0.000 1.000)

4.104230880737305
(1.000 0.000 0.000 0.000
 0.000 1.000 0.000 -1.000
 0.000 0.000 1.000 0.000
 0.000 0.000 0.000 1.000)

4.120954990386963
(1.000 0.000 0.000 0.000
 0.000 1.000 0.000 -1.000
 0.000 0.000 1.000 0.000
 0.000 0.000 0.000 1.000)

4.137731075286865
(1.000 0.000 0.000 0.000
 0.000 1.000 0.000 -1.000
 0.000 0.000 1.000 0.000
 0.000 0.000 0.000 1.000)

4.154445171356201
(1.000 0.000 0.000 0.000
 0.000 1.000 0.000 -1.000
 0.000 0.000 1.000 0.000
 0.000 0.000 0.000 1.000)

4.171197891235352
(1.000 0.000 0.000 0.000
 0.000 1.000 0.000 -1.000
 0.000 0.000 1.000 0.000
 0.000 0.000 0.000 1.000)

4.187931060791016
(1.000 0.000 0.000 0.000
 0.000 1.000 0.000 -1.000
 0.000 0.000 1.000 0.000
 0.000 0.000 0.000 1.000)

4.204667091369629
(1.000 0.000 0.000 0.000
 0.000 1.000 0.000 -1.000
 0.000 0.000 1.000 0.000
 0.000 0.000 0.000 1.000)

4.221391201019287
(1.000 0.000 0.000 0.000
 0.000 1.000 0.000 -1.000
 0.000 0.000 1.000 0.000
 0.000 0.000 0.000 1.000)

4.238138198852539
(1.000 0.000 0.000 0.000
 0.000 1.000 0.000 -1.000
 0.000 0.000 1.000 0.000
 0.000 0.000 0.000 1.000)

4.254842758178711
(1.000 0.000 0.000 0.000
 0.000 1.000 0.000 -1.000
 0.000 0.000 1.000 0.000
 0.000 0.000 0.000 1.000)

4.271581172943115
(1.000 0.000 0.000 0.000
 0.000 1.000 0.000 -1.000
 0.000 0.000 1.000 0.000
 0.000 0.000 0.000 1.000)

4.2882890701293945
(1.000 0.000 0.000 0.000
 0.000 1.000 0.000 -1.000
 0.000 0.000 1.000 0.000
 0.000 0.000 0.000 1.000)

4.305027961730957
(1.000 0.000 0.000 0.000
 0.000 1.000 0.000 -1.000
 0.000 0.000 1.000 0.000
 0.000 0.000 0.000 1.000)

4.321764945983887
(1.000 0.000 0.000 0.000
 0.000 1.000 0.000 -1.000
 0.000 0.000 1.000 0.000
 0.000 0.000 0.000 1.000)

4.338504791259766
(1.000 0.000 0.000 0.000
 0.000 1.000 0.000 -1.000
 0.000 0.000 1.000 0.000
 0.000 0.000 0.000 1.000)

4.355236053466797
(1.000 0.000 0.000 0.000
 0.000 1.000 0.000 -1.000
 0.000 0.000 1.000 0.000
 0.000 0.000 0.000 1.000)

4.371978759765625
(1.000 0.000 0.000 0.000
 0.000 1.000 0.000 -1.000
 0.000 0.000 1.000 0.000
 0.000 0.000 0.000 1.000)

4.3887128829956055
(1.000 0.000 0.000 0.000
 0.000 1.000 0.000 -1.000
 0.000 0.000 1.000 0.000
 0.000 0.000 0.000 1.000)

4.405449867248535
(1.000 0.000 0.000 0.000
 0.000 1.000 0.000 -1.000
 0.000 0.000 1.000 0.000
 0.000 0.000 0.000 1.000)

4.422197341918945
(1.000 0.000 0.000 0.000
 0.000 1.000 0.000 -1.000
 0.000 0.000 1.000 0.000
 0.000 0.000 0.000 1.000)

4.438936233520508
(1.000 0.000 0.000 0.000
 0.000 1.000 0.000 -1.000
 0.000 0.000 1.000 0.000
 0.000 0.000 0.000 1.000)

4.455678939819336
(1.000 0.000 0.000 0.000
 0.000 1.000 0.000 -1.000
 0.000 0.000 1.000 0.000
 0.000 0.000 0.000 1.000)

4.472416877746582
(1.000 0.000 0.000 0.000
 0.000 1.000 0.000 -1.000
 0.000 0.000 1.000 0.000
 0.000 0.000 0.000 1.000)

4.489153861999512
(1.000 0.000 0.000 0.000
 0.000 1.000 0.000 -1.000
 0.000 0.000 1.000 0.000
 0.000 0.000 0.000 1.000)

4.505855083465576
(1.000 0.000 0.000 0.000
 0.000 1.000 0.000 -1.000
 0.000 0.000 1.000 0.000
 0.000 0.000 0.000 1.000)

4.5226287841796875
(1.000 0.000 0.000 0.000
 0.000 1.000 0.000 -1.000
 0.000 0.000 1.000 0.000
 0.000 0.000 0.000 1.000)

4.539362907409668
(1.000 0.000 0.000 0.000
 0.000 1.000 0.000 -1.000
 0.000 0.000 1.000 0.000
 0.000 0.000 0.000 1.000)

4.556134223937988
(1.000 0.000 0.000 0.000
 0.000 1.000 0.000 -1.000
 0.000 0.000 1.000 0.000
 0.000 0.000 0.000 1.000)

4.572846412658691
(1.000 0.000 0.000 0.000
 0.000 1.000 0.000 -1.000
 0.000 0.000 1.000 0.000
 0.000 0.000 0.000 1.000)

4.589591979980469
(1.000 0.000 0.000 0.000
 0.000 1.000 0.000 -1.000
 0.000 0.000 1.000 0.000
 0.000 0.000 0.000 1.000)

4.606327056884766
(1.000 0.000 0.000 0.000
 0.000 1.000 0.000 -1.000
 0.000 0.000 1.000 0.000
 0.000 0.000 0.000 1.000)

4.6230669021606445
(1.000 0.000 0.000 0.000
 0.000 1.000 0.000 -1.000
 0.000 0.000 1.000 0.000
 0.000 0.000 0.000 1.000)

4.639801979064941
(1.000 0.000 0.000 0.000
 0.000 1.000 0.000 -1.000
 0.000 0.000 1.000 0.000
 0.000 0.000 0.000 1.000)

4.656548023223877
(1.000 0.000 0.000 0.000
 0.000 1.000 0.000 -1.000
 0.000 0.000 1.000 0.000
 0.000 0.000 0.000 1.000)

4.673290252685547
(1.000 0.000 0.000 0.000
 0.000 1.000 0.000 -1.000
 0.000 0.000 1.000 0.000
 0.000 0.000 0.000 1.000)

4.690024375915527
(1.000 0.000 0.000 0.000
 0.000 1.000 0.000 -1.000
 0.000 0.000 1.000 0.000
 0.000 0.000 0.000 1.000)

4.706768989562988
(1.000 0.000 0.000 0.000
 0.000 1.000 0.000 -1.000
 0.000 0.000 1.000 0.000
 0.000 0.000 0.000 1.000)

4.723488807678223
(1.000 0.000 0.000 0.000
 0.000 1.000 0.000 -1.000
 0.000 0.000 1.000 0.000
 0.000 0.000 0.000 1.000)

4.740237236022949
(1.000 0.000 0.000 0.000
 0.000 1.000 0.000 -1.000
 0.000 0.000 1.000 0.000
 0.000 0.000 0.000 1.000)

4.7569732666015625
(1.000 0.000 0.000 0.000
 0.000 1.000 0.000 -1.000
 0.000 0.000 1.000 0.000
 0.000 0.000 0.000 1.000)

4.77372932434082
(1.000 0.000 0.000 0.000
 0.000 1.000 0.000 -1.000
 0.000 0.000 1.000 0.000
 0.000 0.000 0.000 1.000)

4.79045295715332
(1.000 0.000 0.000 0.000
 0.000 1.000 0.000 -1.000
 0.000 0.000 1.000 0.000
 0.000 0.000 0.000 1.000)

4.807196140289307
(1.000 0.000 0.000 0.000
 0.000 1.000 0.000 -1.000
 0.000 0.000 1.000 0.000
 0.000 0.000 0.000 1.000)

4.82393217086792
(1.000 0.000 0.000 0.000
 0.000 1.000 0.000 -1.000
 0.000 0.000 1.000 0.000
 0.000 0.000 0.000 1.000)

4.840673446655273
(1.000 0.000 0.000 0.000
 0.000 1.000 0.000 -1.000
 0.000 0.000 1.000 0.000
 0.000 0.000 0.000 1.000)

4.8574113845825195
(1.000 0.000 0.000 0.000
 0.000 1.000 0.000 -1.000
 0.000 0.000 1.000 0.000
 0.000 0.000 0.000 1.000)

4.874154090881348
(1.000 0.000 0.000 0.000
 0.000 1.000 0.000 -1.000
 0.000 0.000 1.000 0.000
 0.000 0.000 0.000 1.000)

4.89089298248291
(1.000 0.000 0.000 0.000
 0.000 1.000 0.000 -1.000
 0.000 0.000 1.000 0.000
 0.000 0.000 0.000 1.000)

4.907637119293213
(1.000 0.000 0.000 0.000
 0.000 1.000 0.000 -1.000
 0.000 0.000 1.000 0.000
 0.000 0.000 0.000 1.000)

4.924386024475098
(1.000 0.000 0.000 0.000
 0.000 1.000 0.000 -1.000
 0.000 0.000 1.000 0.000
 0.000 0.000 0.000 1.000)

4.941126823425293
(1.000 0.000 0.000 0.000
 0.000 1.000 0.000 -1.000
 0.000 0.000 1.000 0.000
 0.000 0.000 0.000 1.000)

4.95783805847168
(1.000 0.000 0.000 0.000
 0.000 1.000 0.000 -1.000
 0.000 0.000 1.000 0.000
 0.000 0.000 0.000 1.000)

4.974603176116943
(1.000 0.000 0.000 0.000
 0.000 1.000 0.000 -1.000
 0.000 0.000 1.000 0.000
 0.000 0.000 0.000 1.000)

4.9913411140441895
(1.000 0.000 0.000 0.000
 0.000 1.000 0.000 -1.000
 0.000 0.000 1.000 0.000
 0.000 0.000 0.000 1.000)

5.008080005645752
(1.000 0.000 0.000 0.000
 0.000 1.000 0.000 -1.000
 0.000 0.000 1.000 0.000
 0.000 0.000 0.000 1.000)

5.024883270263672
(1.000 0.000 0.000 0.000
 0.000 1.000 0.000 -1.000
 0.000 0.000 1.000 0.000
 0.000 0.000 0.000 1.000)

5.041489124298096
(1.000 0.000 0.000 0.000
 0.000 1.000 0.000 -1.000
 0.000 0.000 1.000 0.000
 0.000 0.000 0.000 1.000)

5.058218955993652
(1.000 0.000 0.000 0.000
 0.000 1.000 0.000 -1.000
 0.000 0.000 1.000 0.000
 0.000 0.000 0.000 1.000)

5.0749430656433105
(1.000 0.000 0.000 0.000
 0.000 1.000 0.000 -1.000
 0.000 0.000 1.000 0.000
 0.000 0.000 0.000 1.000)

5.091667175292969
(1.000 0.000 0.000 0.000
 0.000 1.000 0.000 -1.000
 0.000 0.000 1.000 0.000
 0.000 0.000 0.000 1.000)

5.1084394454956055
(1.000 0.000 0.000 0.000
 0.000 1.000 0.000 -1.000
 0.000 0.000 1.000 0.000
 0.000 0.000 0.000 1.000)

5.125104904174805
(1.000 0.000 0.000 0.000
 0.000 1.000 0.000 -1.000
 0.000 0.000 1.000 0.000
 0.000 0.000 0.000 1.000)

5.141820907592773
(1.000 0.000 0.000 0.000
 0.000 1.000 0.000 -1.000
 0.000 0.000 1.000 0.000
 0.000 0.000 0.000 1.000)

5.158587455749512
(1.000 0.000 0.000 0.000
 0.000 1.000 0.000 -1.000
 0.000 0.000 1.000 0.000
 0.000 0.000 0.000 1.000)

5.17531681060791
(1.000 0.000 0.000 0.000
 0.000 1.000 0.000 -1.000
 0.000 0.000 1.000 0.000
 0.000 0.000 0.000 1.000)

5.19205904006958
(1.000 0.000 0.000 0.000
 0.000 1.000 0.000 -1.000
 0.000 0.000 1.000 0.000
 0.000 0.000 0.000 1.000)

5.208797454833984
(1.000 0.000 0.000 0.000
 0.000 1.000 0.000 -1.000
 0.000 0.000 1.000 0.000
 0.000 0.000 0.000 1.000)

5.225539207458496
(1.000 0.000 0.000 0.000
 0.000 1.000 0.000 -1.000
 0.000 0.000 1.000 0.000
 0.000 0.000 0.000 1.000)

5.242273330688477
(1.000 0.000 0.000 0.000
 0.000 1.000 0.000 -1.000
 0.000 0.000 1.000 0.000
 0.000 0.000 0.000 1.000)

5.259016990661621
(1.000 0.000 0.000 0.000
 0.000 1.000 0.000 -1.000
 0.000 0.000 1.000 0.000
 0.000 0.000 0.000 1.000)

5.275750160217285
(1.000 0.000 0.000 0.000
 0.000 1.000 0.000 -1.000
 0.000 0.000 1.000 0.000
 0.000 0.000 0.000 1.000)

5.292489051818848
(1.000 0.000 0.000 0.000
 0.000 1.000 0.000 -1.000
 0.000 0.000 1.000 0.000
 0.000 0.000 0.000 1.000)

5.309229850769043
(1.000 0.000 0.000 0.000
 0.000 1.000 0.000 -1.000
 0.000 0.000 1.000 0.000
 0.000 0.000 0.000 1.000)

5.325972080230713
(1.000 0.000 0.000 0.000
 0.000 1.000 0.000 -1.000
 0.000 0.000 1.000 0.000
 0.000 0.000 0.000 1.000)

5.342711448669434
(1.000 0.000 0.000 0.000
 0.000 1.000 0.000 -1.000
 0.000 0.000 1.000 0.000
 0.000 0.000 0.000 1.000)

