2.583860158920288
(1.000 0.000 0.000 0.000
 0.000 1.000 0.000 0.000
 0.000 0.000 1.000 0.600
 0.000 0.000 0.000 1.000)

3.455536127090454
(1.000 0.000 0.000 0.500
 0.000 1.000 0.000 0.000
 0.000 0.000 1.000 1.333
 0.000 0.000 0.000 1.000)

4.208847999572754
(1.000 0.000 0.000 0.250
 0.000 1.000 0.000 0.000
 0.000 0.000 1.000 7.000
 0.000 0.000 0.000 1.000)

4.911895751953125
(1.000 0.000 0.000 9.000
 0.000 1.000 0.000 0.000
 0.000 0.000 1.000 2.000
 0.000 0.000 0.000 1.000)

5.698640823364258
(1.000 0.000 0.000 1.000
 0.000 1.000 0.000 0.000
 0.000 0.000 1.000 10.000
 0.000 0.000 0.000 1.000)

6.384574890136719
(1.000 0.000 0.000 1.000
 0.000 1.000 0.000 0.000
 0.000 0.000 1.000 3.333
 0.000 0.000 0.000 1.000)

7.086891174316406
(1.000 0.000 0.000 2.000
 0.000 1.000 0.000 0.000
 0.000 0.000 1.000 0.667
 0.000 0.000 0.000 1.000)

7.805974960327148
(1.000 0.000 0.000 1.750
 0.000 1.000 0.000 0.000
 0.000 0.000 1.000 2.500
 0.000 0.000 0.000 1.000)

8.541789054870605
(1.000 0.000 0.000 0.400
 0.000 1.000 0.000 0.000
 0.000 0.000 1.000 2.667
 0.000 0.000 0.000 1.000)

9.227398872375488
(1.000 0.000 0.000 0.000
 0.000 1.000 0.000 0.000
 0.000 0.000 1.000 2.000
 0.000 0.000 0.000 1.000)

9.896295547485352
(1.000 0.000 0.000 1.333
 0.000 1.000 0.000 0.000
 0.000 0.000 1.000 1.500
 0.000 0.000 0.000 1.000)

10.866328239440918
(1.000 0.000 0.000 2.500
 0.000 1.000 0.000 0.000
 0.000 0.000 1.000 3.000
 0.000 0.000 0.000 1.000)

11.40141487121582
(1.000 0.000 0.000 1.000
 0.000 1.000 0.000 0.000
 0.000 0.000 1.000 1.200
 0.000 0.000 0.000 1.000)

11.869664192199707
(1.000 0.000 0.000 0.000
 0.000 1.000 0.000 0.000
 0.000 0.000 1.000 0.400
 0.000 0.000 0.000 1.000)

12.55596923828125
(1.000 0.000 0.000 0.500
 0.000 1.000 0.000 0.000
 0.000 0.000 1.000 9.000
 0.000 0.000 0.000 1.000)

