1.817976951599121
(1.000 0.000 0.000 0.400
 0.000 1.000 0.000 0.000
 0.000 0.000 1.000 1.400
 0.000 0.000 0.000 1.000)

2.368453025817871
(1.000 0.000 0.000 0.400
 0.000 1.000 0.000 0.000
 0.000 0.000 1.000 2.000
 0.000 0.000 0.000 1.000)

2.7520840167999268
(1.000 0.000 0.000 0.400
 0.000 1.000 0.000 0.000
 0.000 0.000 1.000 1.400
 0.000 0.000 0.000 1.000)

3.069005012512207
(1.000 0.000 0.000 2.000
 0.000 1.000 0.000 0.000
 0.000 0.000 1.000 1.200
 0.000 0.000 0.000 1.000)

3.402618885040283
(1.000 0.000 0.000 2.000
 0.000 1.000 0.000 0.000
 0.000 0.000 1.000 0.400
 0.000 0.000 0.000 1.000)

3.7695770263671875
(1.000 0.000 0.000 1.200
 0.000 1.000 0.000 0.000
 0.000 0.000 1.000 0.400
 0.000 0.000 0.000 1.000)

4.120805740356445
(1.000 0.000 0.000 2.000
 0.000 1.000 0.000 0.000
 0.000 0.000 1.000 0.400
 0.000 0.000 0.000 1.000)

4.4722900390625
(1.000 0.000 0.000 1.000
 0.000 1.000 0.000 0.000
 0.000 0.000 1.000 0.800
 0.000 0.000 0.000 1.000)

4.82382869720459
(1.000 0.000 0.000 1.600
 0.000 1.000 0.000 0.000
 0.000 0.000 1.000 0.400
 0.000 0.000 0.000 1.000)

5.158613204956055
(1.000 0.000 0.000 1.600
 0.000 1.000 0.000 0.000
 0.000 0.000 1.000 2.000
 0.000 0.000 0.000 1.000)

5.493387222290039
(1.000 0.000 0.000 0.600
 0.000 1.000 0.000 0.000
 0.000 0.000 1.000 1.200
 0.000 0.000 0.000 1.000)

5.827908992767334
(1.000 0.000 0.000 0.000
 0.000 1.000 0.000 0.000
 0.000 0.000 1.000 2.000
 0.000 0.000 0.000 1.000)

6.162302017211914
(1.000 0.000 0.000 1.400
 0.000 1.000 0.000 0.000
 0.000 0.000 1.000 0.800
 0.000 0.000 0.000 1.000)

6.496800899505615
(1.000 0.000 0.000 1.400
 0.000 1.000 0.000 0.000
 0.000 0.000 1.000 1.200
 0.000 0.000 0.000 1.000)

6.831294059753418
(1.000 0.000 0.000 1.400
 0.000 1.000 0.000 0.000
 0.000 0.000 1.000 0.600
 0.000 0.000 0.000 1.000)

7.149007797241211
(1.000 0.000 0.000 0.200
 0.000 1.000 0.000 0.000
 0.000 0.000 1.000 1.600
 0.000 0.000 0.000 1.000)

7.466701984405518
(1.000 0.000 0.000 1.200
 0.000 1.000 0.000 0.000
 0.000 0.000 1.000 1.000
 0.000 0.000 0.000 1.000)

7.801197052001953
(1.000 0.000 0.000 1.400
 0.000 1.000 0.000 0.000
 0.000 0.000 1.000 1.400
 0.000 0.000 0.000 1.000)

8.152366638183594
(1.000 0.000 0.000 0.800
 0.000 1.000 0.000 0.000
 0.000 0.000 1.000 0.000
 0.000 0.000 0.000 1.000)

8.486820220947266
(1.000 0.000 0.000 0.800
 0.000 1.000 0.000 0.000
 0.000 0.000 1.000 2.000
 0.000 0.000 0.000 1.000)

8.7877779006958
(1.000 0.000 0.000 0.400
 0.000 1.000 0.000 0.000
 0.000 0.000 1.000 0.400
 0.000 0.000 0.000 1.000)

10.409862518310547
(1.000 0.000 0.000 1.200
 0.000 1.000 0.000 0.000
 0.000 0.000 1.000 0.000
 0.000 0.000 0.000 1.000)

10.66069507598877
(1.000 0.000 0.000 1.200
 0.000 1.000 0.000 0.000
 0.000 0.000 1.000 0.800
 0.000 0.000 0.000 1.000)

10.894792556762695
(1.000 0.000 0.000 0.400
 0.000 1.000 0.000 0.000
 0.000 0.000 1.000 1.600
 0.000 0.000 0.000 1.000)

11.12885856628418
(1.000 0.000 0.000 1.400
 0.000 1.000 0.000 0.000
 0.000 0.000 1.000 1.400
 0.000 0.000 0.000 1.000)

11.31282901763916
(1.000 0.000 0.000 0.200
 0.000 1.000 0.000 0.000
 0.000 0.000 1.000 1.800
 0.000 0.000 0.000 1.000)

11.513529777526855
(1.000 0.000 0.000 2.000
 0.000 1.000 0.000 0.000
 0.000 0.000 1.000 1.200
 0.000 0.000 0.000 1.000)

11.714177131652832
(1.000 0.000 0.000 0.200
 0.000 1.000 0.000 0.000
 0.000 0.000 1.000 1.800
 0.000 0.000 0.000 1.000)

11.914835929870605
(1.000 0.000 0.000 2.000
 0.000 1.000 0.000 0.000
 0.000 0.000 1.000 0.000
 0.000 0.000 0.000 1.000)

12.098759651184082
(1.000 0.000 0.000 1.200
 0.000 1.000 0.000 0.000
 0.000 0.000 1.000 0.800
 0.000 0.000 0.000 1.000)

12.282709121704102
(1.000 0.000 0.000 0.600
 0.000 1.000 0.000 0.000
 0.000 0.000 1.000 0.200
 0.000 0.000 0.000 1.000)

12.45008373260498
(1.000 0.000 0.000 0.200
 0.000 1.000 0.000 0.000
 0.000 0.000 1.000 1.400
 0.000 0.000 0.000 1.000)

12.634018898010254
(1.000 0.000 0.000 0.600
 0.000 1.000 0.000 0.000
 0.000 0.000 1.000 1.400
 0.000 0.000 0.000 1.000)

12.801250457763672
(1.000 0.000 0.000 0.600
 0.000 1.000 0.000 0.000
 0.000 0.000 1.000 0.800
 0.000 0.000 0.000 1.000)

13.018590927124023
(1.000 0.000 0.000 0.400
 0.000 1.000 0.000 0.000
 0.000 0.000 1.000 0.200
 0.000 0.000 0.000 1.000)

13.236040115356445
(1.000 0.000 0.000 1.200
 0.000 1.000 0.000 0.000
 0.000 0.000 1.000 0.400
 0.000 0.000 0.000 1.000)

13.453497886657715
(1.000 0.000 0.000 0.400
 0.000 1.000 0.000 0.000
 0.000 0.000 1.000 0.200
 0.000 0.000 0.000 1.000)

13.654144287109375
(1.000 0.000 0.000 0.800
 0.000 1.000 0.000 0.000
 0.000 0.000 1.000 0.600
 0.000 0.000 0.000 1.000)

13.854804039001465
(1.000 0.000 0.000 1.000
 0.000 1.000 0.000 0.000
 0.000 0.000 1.000 0.800
 0.000 0.000 0.000 1.000)

14.0554838180542
(1.000 0.000 0.000 0.400
 0.000 1.000 0.000 0.000
 0.000 0.000 1.000 1.600
 0.000 0.000 0.000 1.000)

14.272859573364258
(1.000 0.000 0.000 0.400
 0.000 1.000 0.000 0.000
 0.000 0.000 1.000 0.800
 0.000 0.000 0.000 1.000)

14.473607063293457
(1.000 0.000 0.000 1.000
 0.000 1.000 0.000 0.000
 0.000 0.000 1.000 0.000
 0.000 0.000 0.000 1.000)

14.690975189208984
(1.000 0.000 0.000 2.000
 0.000 1.000 0.000 0.000
 0.000 0.000 1.000 0.800
 0.000 0.000 0.000 1.000)

14.908385276794434
(1.000 0.000 0.000 0.000
 0.000 1.000 0.000 0.000
 0.000 0.000 1.000 0.000
 0.000 0.000 0.000 1.000)

15.109232902526855
(1.000 0.000 0.000 0.000
 0.000 1.000 0.000 0.000
 0.000 0.000 1.000 0.600
 0.000 0.000 0.000 1.000)

15.326848983764648
(1.000 0.000 0.000 0.000
 0.000 1.000 0.000 0.000
 0.000 0.000 1.000 1.000
 0.000 0.000 0.000 1.000)

15.544393539428711
(1.000 0.000 0.000 0.200
 0.000 1.000 0.000 0.000
 0.000 0.000 1.000 1.600
 0.000 0.000 0.000 1.000)

15.745267868041992
(1.000 0.000 0.000 1.400
 0.000 1.000 0.000 0.000
 0.000 0.000 1.000 1.600
 0.000 0.000 0.000 1.000)

15.96290111541748
(1.000 0.000 0.000 1.000
 0.000 1.000 0.000 0.000
 0.000 0.000 1.000 0.600
 0.000 0.000 0.000 1.000)

16.163665771484375
(1.000 0.000 0.000 1.200
 0.000 1.000 0.000 0.000
 0.000 0.000 1.000 2.000
 0.000 0.000 0.000 1.000)

16.3477725982666
(1.000 0.000 0.000 1.800
 0.000 1.000 0.000 0.000
 0.000 0.000 1.000 1.400
 0.000 0.000 0.000 1.000)

16.531890869140625
(1.000 0.000 0.000 2.000
 0.000 1.000 0.000 0.000
 0.000 0.000 1.000 1.800
 0.000 0.000 0.000 1.000)

16.716033935546875
(1.000 0.000 0.000 0.200
 0.000 1.000 0.000 0.000
 0.000 0.000 1.000 1.400
 0.000 0.000 0.000 1.000)

16.900150299072266
(1.000 0.000 0.000 1.200
 0.000 1.000 0.000 0.000
 0.000 0.000 1.000 2.000
 0.000 0.000 0.000 1.000)

17.117759704589844
(1.000 0.000 0.000 0.800
 0.000 1.000 0.000 0.000
 0.000 0.000 1.000 0.800
 0.000 0.000 0.000 1.000)

17.301898956298828
(1.000 0.000 0.000 1.400
 0.000 1.000 0.000 0.000
 0.000 0.000 1.000 0.200
 0.000 0.000 0.000 1.000)

17.53619956970215
(1.000 0.000 0.000 0.200
 0.000 1.000 0.000 0.000
 0.000 0.000 1.000 0.800
 0.000 0.000 0.000 1.000)

17.73710060119629
(1.000 0.000 0.000 0.200
 0.000 1.000 0.000 0.000
 0.000 0.000 1.000 1.400
 0.000 0.000 0.000 1.000)

17.937929153442383
(1.000 0.000 0.000 0.200
 0.000 1.000 0.000 0.000
 0.000 0.000 1.000 1.800
 0.000 0.000 0.000 1.000)

18.15557098388672
(1.000 0.000 0.000 1.800
 0.000 1.000 0.000 0.000
 0.000 0.000 1.000 0.600
 0.000 0.000 0.000 1.000)

18.35642433166504
(1.000 0.000 0.000 1.600
 0.000 1.000 0.000 0.000
 0.000 0.000 1.000 1.400
 0.000 0.000 0.000 1.000)

18.557302474975586
(1.000 0.000 0.000 1.000
 0.000 1.000 0.000 0.000
 0.000 0.000 1.000 1.200
 0.000 0.000 0.000 1.000)

18.758113861083984
(1.000 0.000 0.000 0.600
 0.000 1.000 0.000 0.000
 0.000 0.000 1.000 0.600
 0.000 0.000 0.000 1.000)

18.975698471069336
(1.000 0.000 0.000 1.800
 0.000 1.000 0.000 0.000
 0.000 0.000 1.000 0.600
 0.000 0.000 0.000 1.000)

19.17656135559082
(1.000 0.000 0.000 1.400
 0.000 1.000 0.000 0.000
 0.000 0.000 1.000 1.400
 0.000 0.000 0.000 1.000)

19.360734939575195
(1.000 0.000 0.000 0.000
 0.000 1.000 0.000 0.000
 0.000 0.000 1.000 1.000
 0.000 0.000 0.000 1.000)

19.56157112121582
(1.000 0.000 0.000 2.000
 0.000 1.000 0.000 0.000
 0.000 0.000 1.000 1.200
 0.000 0.000 0.000 1.000)

19.745697021484375
(1.000 0.000 0.000 2.000
 0.000 1.000 0.000 0.000
 0.000 0.000 1.000 1.600
 0.000 0.000 0.000 1.000)

19.980079650878906
(1.000 0.000 0.000 1.200
 0.000 1.000 0.000 0.000
 0.000 0.000 1.000 1.000
 0.000 0.000 0.000 1.000)

20.180944442749023
(1.000 0.000 0.000 2.000
 0.000 1.000 0.000 0.000
 0.000 0.000 1.000 0.200
 0.000 0.000 0.000 1.000)

20.39855194091797
(1.000 0.000 0.000 0.200
 0.000 1.000 0.000 0.000
 0.000 0.000 1.000 1.800
 0.000 0.000 0.000 1.000)

20.63288688659668
(1.000 0.000 0.000 0.000
 0.000 1.000 0.000 0.000
 0.000 0.000 1.000 2.000
 0.000 0.000 0.000 1.000)

20.85037612915039
(1.000 0.000 0.000 0.600
 0.000 1.000 0.000 0.000
 0.000 0.000 1.000 2.000
 0.000 0.000 0.000 1.000)

21.084699630737305
(1.000 0.000 0.000 1.600
 0.000 1.000 0.000 0.000
 0.000 0.000 1.000 0.400
 0.000 0.000 0.000 1.000)

21.302274703979492
(1.000 0.000 0.000 1.200
 0.000 1.000 0.000 0.000
 0.000 0.000 1.000 1.000
 0.000 0.000 0.000 1.000)

21.486398696899414
(1.000 0.000 0.000 0.600
 0.000 1.000 0.000 0.000
 0.000 0.000 1.000 1.600
 0.000 0.000 0.000 1.000)

21.6872615814209
(1.000 0.000 0.000 1.800
 0.000 1.000 0.000 0.000
 0.000 0.000 1.000 0.400
 0.000 0.000 0.000 1.000)

21.904836654663086
(1.000 0.000 0.000 1.600
 0.000 1.000 0.000 0.000
 0.000 0.000 1.000 1.600
 0.000 0.000 0.000 1.000)

22.139225006103516
(1.000 0.000 0.000 0.600
 0.000 1.000 0.000 0.000
 0.000 0.000 1.000 0.800
 0.000 0.000 0.000 1.000)

22.35677146911621
(1.000 0.000 0.000 1.400
 0.000 1.000 0.000 0.000
 0.000 0.000 1.000 0.800
 0.000 0.000 0.000 1.000)

22.574321746826172
(1.000 0.000 0.000 1.400
 0.000 1.000 0.000 0.000
 0.000 0.000 1.000 1.000
 0.000 0.000 0.000 1.000)

22.77471923828125
(1.000 0.000 0.000 0.200
 0.000 1.000 0.000 0.000
 0.000 0.000 1.000 1.200
 0.000 0.000 0.000 1.000)

23.44326400756836
(1.000 0.000 0.000 2.000
 0.000 1.000 0.000 0.000
 0.000 0.000 1.000 1.400
 0.000 0.000 0.000 1.000)

23.81120491027832
(1.000 0.000 0.000 0.800
 0.000 1.000 0.000 0.000
 0.000 0.000 1.000 0.200
 0.000 0.000 0.000 1.000)

48.34342956542969
(1.000 0.000 0.000 1.800
 0.000 1.000 0.000 0.000
 0.000 0.000 1.000 1.400
 0.000 0.000 0.000 1.000)

48.594261169433594
(1.000 0.000 0.000 1.200
 0.000 1.000 0.000 0.000
 0.000 0.000 1.000 1.200
 0.000 0.000 0.000 1.000)

48.828392028808594
(1.000 0.000 0.000 1.400
 0.000 1.000 0.000 0.000
 0.000 0.000 1.000 1.400
 0.000 0.000 0.000 1.000)

49.062522888183594
(1.000 0.000 0.000 1.000
 0.000 1.000 0.000 0.000
 0.000 0.000 1.000 0.400
 0.000 0.000 0.000 1.000)

49.27992248535156
(1.000 0.000 0.000 0.200
 0.000 1.000 0.000 0.000
 0.000 0.000 1.000 1.800
 0.000 0.000 0.000 1.000)

49.514034271240234
(1.000 0.000 0.000 1.800
 0.000 1.000 0.000 0.000
 0.000 0.000 1.000 1.400
 0.000 0.000 0.000 1.000)

49.748104095458984
(1.000 0.000 0.000 0.600
 0.000 1.000 0.000 0.000
 0.000 0.000 1.000 0.400
 0.000 0.000 0.000 1.000)

49.96552658081055
(1.000 0.000 0.000 1.200
 0.000 1.000 0.000 0.000
 0.000 0.000 1.000 1.800
 0.000 0.000 0.000 1.000)

50.21635055541992
(1.000 0.000 0.000 0.200
 0.000 1.000 0.000 0.000
 0.000 0.000 1.000 2.000
 0.000 0.000 0.000 1.000)

50.4338264465332
(1.000 0.000 0.000 0.800
 0.000 1.000 0.000 0.000
 0.000 0.000 1.000 1.000
 0.000 0.000 0.000 1.000)

50.66794204711914
(1.000 0.000 0.000 1.000
 0.000 1.000 0.000 0.000
 0.000 0.000 1.000 0.000
 0.000 0.000 0.000 1.000)

50.902122497558594
(1.000 0.000 0.000 1.200
 0.000 1.000 0.000 0.000
 0.000 0.000 1.000 0.600
 0.000 0.000 0.000 1.000)

51.16965866088867
(1.000 0.000 0.000 1.000
 0.000 1.000 0.000 0.000
 0.000 0.000 1.000 2.000
 0.000 0.000 0.000 1.000)

51.504112243652344
(1.000 0.000 0.000 1.600
 0.000 1.000 0.000 0.000
 0.000 0.000 1.000 1.400
 0.000 0.000 0.000 1.000)

51.80509948730469
(1.000 0.000 0.000 1.600
 0.000 1.000 0.000 0.000
 0.000 0.000 1.000 1.800
 0.000 0.000 0.000 1.000)

52.12284469604492
(1.000 0.000 0.000 1.200
 0.000 1.000 0.000 0.000
 0.000 0.000 1.000 1.600
 0.000 0.000 0.000 1.000)

52.44058609008789
(1.000 0.000 0.000 0.200
 0.000 1.000 0.000 0.000
 0.000 0.000 1.000 1.400
 0.000 0.000 0.000 1.000)

52.741668701171875
(1.000 0.000 0.000 0.000
 0.000 1.000 0.000 0.000
 0.000 0.000 1.000 2.000
 0.000 0.000 0.000 1.000)

53.07609176635742
(1.000 0.000 0.000 1.600
 0.000 1.000 0.000 0.000
 0.000 0.000 1.000 1.000
 0.000 0.000 0.000 1.000)

53.36044692993164
(1.000 0.000 0.000 1.800
 0.000 1.000 0.000 0.000
 0.000 0.000 1.000 1.800
 0.000 0.000 0.000 1.000)

53.67827224731445
(1.000 0.000 0.000 1.400
 0.000 1.000 0.000 0.000
 0.000 0.000 1.000 1.800
 0.000 0.000 0.000 1.000)

53.92915344238281
(1.000 0.000 0.000 0.200
 0.000 1.000 0.000 0.000
 0.000 0.000 1.000 0.400
 0.000 0.000 0.000 1.000)

54.21369934082031
(1.000 0.000 0.000 0.800
 0.000 1.000 0.000 0.000
 0.000 0.000 1.000 1.600
 0.000 0.000 0.000 1.000)

54.64887237548828
(1.000 0.000 0.000 1.400
 0.000 1.000 0.000 0.000
 0.000 0.000 1.000 1.200
 0.000 0.000 0.000 1.000)

55.1342887878418
(1.000 0.000 0.000 1.200
 0.000 1.000 0.000 0.000
 0.000 0.000 1.000 0.000
 0.000 0.000 0.000 1.000)

55.569122314453125
(1.000 0.000 0.000 1.600
 0.000 1.000 0.000 0.000
 0.000 0.000 1.000 1.800
 0.000 0.000 0.000 1.000)

56.00398254394531
(1.000 0.000 0.000 0.200
 0.000 1.000 0.000 0.000
 0.000 0.000 1.000 1.800
 0.000 0.000 0.000 1.000)

56.472232818603516
(1.000 0.000 0.000 1.800
 0.000 1.000 0.000 0.000
 0.000 0.000 1.000 0.000
 0.000 0.000 0.000 1.000)

56.84016036987305
(1.000 0.000 0.000 0.200
 0.000 1.000 0.000 0.000
 0.000 0.000 1.000 0.800
 0.000 0.000 0.000 1.000)

57.32563018798828
(1.000 0.000 0.000 1.000
 0.000 1.000 0.000 0.000
 0.000 0.000 1.000 2.000
 0.000 0.000 0.000 1.000)

58.14585494995117
(1.000 0.000 0.000 1.200
 0.000 1.000 0.000 0.000
 0.000 0.000 1.000 1.400
 0.000 0.000 0.000 1.000)

58.61445999145508
(1.000 0.000 0.000 1.600
 0.000 1.000 0.000 0.000
 0.000 0.000 1.000 0.400
 0.000 0.000 0.000 1.000)

58.98250961303711
(1.000 0.000 0.000 0.400
 0.000 1.000 0.000 0.000
 0.000 0.000 1.000 0.000
 0.000 0.000 0.000 1.000)

59.317291259765625
(1.000 0.000 0.000 1.000
 0.000 1.000 0.000 0.000
 0.000 0.000 1.000 0.800
 0.000 0.000 0.000 1.000)

59.66883087158203
(1.000 0.000 0.000 1.600
 0.000 1.000 0.000 0.000
 0.000 0.000 1.000 0.800
 0.000 0.000 0.000 1.000)

60.08729934692383
(1.000 0.000 0.000 1.400
 0.000 1.000 0.000 0.000
 0.000 0.000 1.000 1.000
 0.000 0.000 0.000 1.000)

60.472110748291016
(1.000 0.000 0.000 2.000
 0.000 1.000 0.000 0.000
 0.000 0.000 1.000 1.600
 0.000 0.000 0.000 1.000)

60.82326126098633
(1.000 0.000 0.000 1.200
 0.000 1.000 0.000 0.000
 0.000 0.000 1.000 1.200
 0.000 0.000 0.000 1.000)

61.191139221191406
(1.000 0.000 0.000 0.400
 0.000 1.000 0.000 0.000
 0.000 0.000 1.000 2.000
 0.000 0.000 0.000 1.000)

61.50888442993164
(1.000 0.000 0.000 1.200
 0.000 1.000 0.000 0.000
 0.000 0.000 1.000 0.800
 0.000 0.000 0.000 1.000)

61.82669448852539
(1.000 0.000 0.000 2.000
 0.000 1.000 0.000 0.000
 0.000 0.000 1.000 1.800
 0.000 0.000 0.000 1.000)

62.27822494506836
(1.000 0.000 0.000 0.800
 0.000 1.000 0.000 0.000
 0.000 0.000 1.000 0.600
 0.000 0.000 0.000 1.000)

62.763187408447266
(1.000 0.000 0.000 0.800
 0.000 1.000 0.000 0.000
 0.000 0.000 1.000 1.000
 0.000 0.000 0.000 1.000)

63.11439895629883
(1.000 0.000 0.000 1.800
 0.000 1.000 0.000 0.000
 0.000 0.000 1.000 1.200
 0.000 0.000 0.000 1.000)

63.532432556152344
(1.000 0.000 0.000 1.800
 0.000 1.000 0.000 0.000
 0.000 0.000 1.000 2.000
 0.000 0.000 0.000 1.000)

63.85014724731445
(1.000 0.000 0.000 0.200
 0.000 1.000 0.000 0.000
 0.000 0.000 1.000 1.200
 0.000 0.000 0.000 1.000)

64.15113830566406
(1.000 0.000 0.000 1.800
 0.000 1.000 0.000 0.000
 0.000 0.000 1.000 1.200
 0.000 0.000 0.000 1.000)

64.43536376953125
(1.000 0.000 0.000 1.000
 0.000 1.000 0.000 0.000
 0.000 0.000 1.000 2.000
 0.000 0.000 0.000 1.000)

64.70301055908203
(1.000 0.000 0.000 1.800
 0.000 1.000 0.000 0.000
 0.000 0.000 1.000 0.600
 0.000 0.000 0.000 1.000)

64.970703125
(1.000 0.000 0.000 0.400
 0.000 1.000 0.000 0.000
 0.000 0.000 1.000 1.000
 0.000 0.000 0.000 1.000)

65.18814086914062
(1.000 0.000 0.000 0.800
 0.000 1.000 0.000 0.000
 0.000 0.000 1.000 2.000
 0.000 0.000 0.000 1.000)

65.42227172851562
(1.000 0.000 0.000 1.400
 0.000 1.000 0.000 0.000
 0.000 0.000 1.000 1.000
 0.000 0.000 0.000 1.000)

65.6396255493164
(1.000 0.000 0.000 1.200
 0.000 1.000 0.000 0.000
 0.000 0.000 1.000 0.400
 0.000 0.000 0.000 1.000)

65.95731353759766
(1.000 0.000 0.000 1.600
 0.000 1.000 0.000 0.000
 0.000 0.000 1.000 0.200
 0.000 0.000 0.000 1.000)

66.34195709228516
(1.000 0.000 0.000 0.200
 0.000 1.000 0.000 0.000
 0.000 0.000 1.000 1.000
 0.000 0.000 0.000 1.000)

66.92768859863281
(1.000 0.000 0.000 1.800
 0.000 1.000 0.000 0.000
 0.000 0.000 1.000 0.000
 0.000 0.000 0.000 1.000)

67.76463317871094
(1.000 0.000 0.000 1.200
 0.000 1.000 0.000 0.000
 0.000 0.000 1.000 0.800
 0.000 0.000 0.000 1.000)

68.23328399658203
(1.000 0.000 0.000 0.600
 0.000 1.000 0.000 0.000
 0.000 0.000 1.000 0.200
 0.000 0.000 0.000 1.000)

68.78568267822266
(1.000 0.000 0.000 0.800
 0.000 1.000 0.000 0.000
 0.000 0.000 1.000 2.000
 0.000 0.000 0.000 1.000)

69.5891342163086
(1.000 0.000 0.000 1.800
 0.000 1.000 0.000 0.000
 0.000 0.000 1.000 0.800
 0.000 0.000 0.000 1.000)

