2.970568895339966
(1.000 0.000 0.000 4.000
 0.000 1.000 0.000 0.000
 0.000 0.000 1.000 2.500
 0.000 0.000 0.000 1.000)

3.4890048503875732
(1.000 0.000 0.000 1.667
 0.000 1.000 0.000 0.000
 0.000 0.000 1.000 2.000
 0.000 0.000 0.000 1.000)

4.040900230407715
(1.000 0.000 0.000 1.000
 0.000 1.000 0.000 0.000
 0.000 0.000 1.000 7.000
 0.000 0.000 0.000 1.000)

4.642885208129883
(1.000 0.000 0.000 0.500
 0.000 1.000 0.000 0.000
 0.000 0.000 1.000 0.400
 0.000 0.000 0.000 1.000)

6.532536029815674
(1.000 0.000 0.000 1.600
 0.000 1.000 0.000 0.000
 0.000 0.000 1.000 5.000
 0.000 0.000 0.000 1.000)

7.50254487991333
(1.000 0.000 0.000 2.333
 0.000 1.000 0.000 0.000
 0.000 0.000 1.000 0.500
 0.000 0.000 0.000 1.000)

8.0376558303833
(1.000 0.000 0.000 1.667
 0.000 1.000 0.000 0.000
 0.000 0.000 1.000 8.000
 0.000 0.000 0.000 1.000)

8.55601692199707
(1.000 0.000 0.000 1.600
 0.000 1.000 0.000 0.000
 0.000 0.000 1.000 2.500
 0.000 0.000 0.000 1.000)

9.024219512939453
(1.000 0.000 0.000 1.250
 0.000 1.000 0.000 0.000
 0.000 0.000 1.000 3.000
 0.000 0.000 0.000 1.000)

9.44227123260498
(1.000 0.000 0.000 0.200
 0.000 1.000 0.000 0.000
 0.000 0.000 1.000 2.000
 0.000 0.000 0.000 1.000)

9.676380157470703
(1.000 0.000 0.000 1.000
 0.000 1.000 0.000 0.000
 0.000 0.000 1.000 2.250
 0.000 0.000 0.000 1.000)

9.943933486938477
(1.000 0.000 0.000 10.000
 0.000 1.000 0.000 0.000
 0.000 0.000 1.000 1.250
 0.000 0.000 0.000 1.000)

10.194862365722656
(1.000 0.000 0.000 4.000
 0.000 1.000 0.000 0.000
 0.000 0.000 1.000 2.333
 0.000 0.000 0.000 1.000)

10.479193687438965
(1.000 0.000 0.000 3.000
 0.000 1.000 0.000 0.000
 0.000 0.000 1.000 1.333
 0.000 0.000 0.000 1.000)

10.73003101348877
(1.000 0.000 0.000 8.000
 0.000 1.000 0.000 0.000
 0.000 0.000 1.000 2.000
 0.000 0.000 0.000 1.000)

10.997587203979492
(1.000 0.000 0.000 8.000
 0.000 1.000 0.000 0.000
 0.000 0.000 1.000 1.600
 0.000 0.000 0.000 1.000)

11.248392105102539
(1.000 0.000 0.000 1.000
 0.000 1.000 0.000 0.000
 0.000 0.000 1.000 3.000
 0.000 0.000 0.000 1.000)

11.532682418823242
(1.000 0.000 0.000 3.000
 0.000 1.000 0.000 0.000
 0.000 0.000 1.000 2.333
 0.000 0.000 0.000 1.000)

11.783501625061035
(1.000 0.000 0.000 0.800
 0.000 1.000 0.000 0.000
 0.000 0.000 1.000 5.000
 0.000 0.000 0.000 1.000)

12.051084518432617
(1.000 0.000 0.000 2.000
 0.000 1.000 0.000 0.000
 0.000 0.000 1.000 3.000
 0.000 0.000 0.000 1.000)

12.318629264831543
(1.000 0.000 0.000 5.000
 0.000 1.000 0.000 0.000
 0.000 0.000 1.000 5.000
 0.000 0.000 0.000 1.000)

12.569478034973145
(1.000 0.000 0.000 4.500
 0.000 1.000 0.000 0.000
 0.000 0.000 1.000 2.250
 0.000 0.000 0.000 1.000)

12.820327758789062
(1.000 0.000 0.000 0.250
 0.000 1.000 0.000 0.000
 0.000 0.000 1.000 6.000
 0.000 0.000 0.000 1.000)

13.104644775390625
(1.000 0.000 0.000 8.000
 0.000 1.000 0.000 0.000
 0.000 0.000 1.000 2.000
 0.000 0.000 0.000 1.000)

13.338857650756836
(1.000 0.000 0.000 2.500
 0.000 1.000 0.000 0.000
 0.000 0.000 1.000 3.500
 0.000 0.000 0.000 1.000)

13.606491088867188
(1.000 0.000 0.000 0.667
 0.000 1.000 0.000 0.000
 0.000 0.000 1.000 0.200
 0.000 0.000 0.000 1.000)

13.857305526733398
(1.000 0.000 0.000 0.800
 0.000 1.000 0.000 0.000
 0.000 0.000 1.000 2.500
 0.000 0.000 0.000 1.000)

14.141607284545898
(1.000 0.000 0.000 0.000
 0.000 1.000 0.000 0.000
 0.000 0.000 1.000 0.600
 0.000 0.000 0.000 1.000)

14.40942668914795
(1.000 0.000 0.000 1.000
 0.000 1.000 0.000 0.000
 0.000 0.000 1.000 0.800
 0.000 0.000 0.000 1.000)

14.694001197814941
(1.000 0.000 0.000 0.333
 0.000 1.000 0.000 0.000
 0.000 0.000 1.000 3.500
 0.000 0.000 0.000 1.000)

14.961584091186523
(1.000 0.000 0.000 1.400
 0.000 1.000 0.000 0.000
 0.000 0.000 1.000 0.800
 0.000 0.000 0.000 1.000)

15.229124069213867
(1.000 0.000 0.000 7.000
 0.000 1.000 0.000 0.000
 0.000 0.000 1.000 3.000
 0.000 0.000 0.000 1.000)

15.496658325195312
(1.000 0.000 0.000 1.000
 0.000 1.000 0.000 0.000
 0.000 0.000 1.000 2.250
 0.000 0.000 0.000 1.000)

15.747492790222168
(1.000 0.000 0.000 0.500
 0.000 1.000 0.000 0.000
 0.000 0.000 1.000 0.000
 0.000 0.000 0.000 1.000)

16.01506996154785
(1.000 0.000 0.000 1.667
 0.000 1.000 0.000 0.000
 0.000 0.000 1.000 0.000
 0.000 0.000 0.000 1.000)

16.282663345336914
(1.000 0.000 0.000 1.800
 0.000 1.000 0.000 0.000
 0.000 0.000 1.000 2.333
 0.000 0.000 0.000 1.000)

16.55028533935547
(1.000 0.000 0.000 3.333
 0.000 1.000 0.000 0.000
 0.000 0.000 1.000 6.000
 0.000 0.000 0.000 1.000)

16.817882537841797
(1.000 0.000 0.000 0.400
 0.000 1.000 0.000 0.000
 0.000 0.000 1.000 5.000
 0.000 0.000 0.000 1.000)

17.118932723999023
(1.000 0.000 0.000 0.667
 0.000 1.000 0.000 0.000
 0.000 0.000 1.000 2.000
 0.000 0.000 0.000 1.000)

17.369762420654297
(1.000 0.000 0.000 3.000
 0.000 1.000 0.000 0.000
 0.000 0.000 1.000 4.000
 0.000 0.000 0.000 1.000)

17.620574951171875
(1.000 0.000 0.000 0.500
 0.000 1.000 0.000 0.000
 0.000 0.000 1.000 2.500
 0.000 0.000 0.000 1.000)

17.87142562866211
(1.000 0.000 0.000 1.400
 0.000 1.000 0.000 0.000
 0.000 0.000 1.000 1.667
 0.000 0.000 0.000 1.000)

18.122228622436523
(1.000 0.000 0.000 0.500
 0.000 1.000 0.000 0.000
 0.000 0.000 1.000 0.000
 0.000 0.000 0.000 1.000)

18.373092651367188
(1.000 0.000 0.000 1.600
 0.000 1.000 0.000 0.000
 0.000 0.000 1.000 3.333
 0.000 0.000 0.000 1.000)

18.640653610229492
(1.000 0.000 0.000 2.667
 0.000 1.000 0.000 0.000
 0.000 0.000 1.000 2.000
 0.000 0.000 0.000 1.000)

18.874805450439453
(1.000 0.000 0.000 1.000
 0.000 1.000 0.000 0.000
 0.000 0.000 1.000 2.333
 0.000 0.000 0.000 1.000)

19.125656127929688
(1.000 0.000 0.000 2.000
 0.000 1.000 0.000 0.000
 0.000 0.000 1.000 0.600
 0.000 0.000 0.000 1.000)

19.35979461669922
(1.000 0.000 0.000 2.250
 0.000 1.000 0.000 0.000
 0.000 0.000 1.000 3.000
 0.000 0.000 0.000 1.000)

19.577295303344727
(1.000 0.000 0.000 1.400
 0.000 1.000 0.000 0.000
 0.000 0.000 1.000 0.000
 0.000 0.000 0.000 1.000)

19.79473304748535
(1.000 0.000 0.000 0.000
 0.000 1.000 0.000 0.000
 0.000 0.000 1.000 0.667
 0.000 0.000 0.000 1.000)

20.029062271118164
(1.000 0.000 0.000 0.000
 0.000 1.000 0.000 0.000
 0.000 0.000 1.000 10.000
 0.000 0.000 0.000 1.000)

20.363842010498047
(1.000 0.000 0.000 1.333
 0.000 1.000 0.000 0.000
 0.000 0.000 1.000 1.500
 0.000 0.000 0.000 1.000)

20.631669998168945
(1.000 0.000 0.000 0.400
 0.000 1.000 0.000 0.000
 0.000 0.000 1.000 2.500
 0.000 0.000 0.000 1.000)

20.882766723632812
(1.000 0.000 0.000 2.000
 0.000 1.000 0.000 0.000
 0.000 0.000 1.000 0.333
 0.000 0.000 0.000 1.000)

21.11684799194336
(1.000 0.000 0.000 3.000
 0.000 1.000 0.000 0.000
 0.000 0.000 1.000 1.250
 0.000 0.000 0.000 1.000)

21.35101318359375
(1.000 0.000 0.000 4.000
 0.000 1.000 0.000 0.000
 0.000 0.000 1.000 1.333
 0.000 0.000 0.000 1.000)

21.61858367919922
(1.000 0.000 0.000 10.000
 0.000 1.000 0.000 0.000
 0.000 0.000 1.000 0.750
 0.000 0.000 0.000 1.000)

21.86943244934082
(1.000 0.000 0.000 2.000
 0.000 1.000 0.000 0.000
 0.000 0.000 1.000 3.000
 0.000 0.000 0.000 1.000)

22.120271682739258
(1.000 0.000 0.000 2.000
 0.000 1.000 0.000 0.000
 0.000 0.000 1.000 1.333
 0.000 0.000 0.000 1.000)

22.354368209838867
(1.000 0.000 0.000 1.667
 0.000 1.000 0.000 0.000
 0.000 0.000 1.000 3.000
 0.000 0.000 0.000 1.000)

22.58855438232422
(1.000 0.000 0.000 0.333
 0.000 1.000 0.000 0.000
 0.000 0.000 1.000 1.250
 0.000 0.000 0.000 1.000)

22.83937644958496
(1.000 0.000 0.000 1.500
 0.000 1.000 0.000 0.000
 0.000 0.000 1.000 2.500
 0.000 0.000 0.000 1.000)

23.073497772216797
(1.000 0.000 0.000 1.667
 0.000 1.000 0.000 0.000
 0.000 0.000 1.000 0.200
 0.000 0.000 0.000 1.000)

23.307621002197266
(1.000 0.000 0.000 1.750
 0.000 1.000 0.000 0.000
 0.000 0.000 1.000 0.000
 0.000 0.000 0.000 1.000)

23.52500343322754
(1.000 0.000 0.000 0.500
 0.000 1.000 0.000 0.000
 0.000 0.000 1.000 0.800
 0.000 0.000 0.000 1.000)

23.742385864257812
(1.000 0.000 0.000 2.500
 0.000 1.000 0.000 0.000
 0.000 0.000 1.000 7.000
 0.000 0.000 0.000 1.000)

23.993244171142578
(1.000 0.000 0.000 5.000
 0.000 1.000 0.000 0.000
 0.000 0.000 1.000 3.000
 0.000 0.000 0.000 1.000)

24.24407958984375
(1.000 0.000 0.000 1.000
 0.000 1.000 0.000 0.000
 0.000 0.000 1.000 0.400
 0.000 0.000 0.000 1.000)

24.478179931640625
(1.000 0.000 0.000 2.333
 0.000 1.000 0.000 0.000
 0.000 0.000 1.000 8.000
 0.000 0.000 0.000 1.000)

24.712308883666992
(1.000 0.000 0.000 1.800
 0.000 1.000 0.000 0.000
 0.000 0.000 1.000 1.000
 0.000 0.000 0.000 1.000)

24.9464111328125
(1.000 0.000 0.000 3.000
 0.000 1.000 0.000 0.000
 0.000 0.000 1.000 3.000
 0.000 0.000 0.000 1.000)

25.197221755981445
(1.000 0.000 0.000 3.000
 0.000 1.000 0.000 0.000
 0.000 0.000 1.000 1.000
 0.000 0.000 0.000 1.000)

25.448095321655273
(1.000 0.000 0.000 0.000
 0.000 1.000 0.000 0.000
 0.000 0.000 1.000 2.000
 0.000 0.000 0.000 1.000)

25.69903564453125
(1.000 0.000 0.000 0.600
 0.000 1.000 0.000 0.000
 0.000 0.000 1.000 10.000
 0.000 0.000 0.000 1.000)

25.949996948242188
(1.000 0.000 0.000 0.000
 0.000 1.000 0.000 0.000
 0.000 0.000 1.000 0.000
 0.000 0.000 0.000 1.000)

26.21780776977539
(1.000 0.000 0.000 4.500
 0.000 1.000 0.000 0.000
 0.000 0.000 1.000 1.333
 0.000 0.000 0.000 1.000)

26.569355010986328
(1.000 0.000 0.000 0.800
 0.000 1.000 0.000 0.000
 0.000 0.000 1.000 1.000
 0.000 0.000 0.000 1.000)

26.820432662963867
(1.000 0.000 0.000 7.000
 0.000 1.000 0.000 0.000
 0.000 0.000 1.000 2.000
 0.000 0.000 0.000 1.000)

27.05479621887207
(1.000 0.000 0.000 0.000
 0.000 1.000 0.000 0.000
 0.000 0.000 1.000 0.000
 0.000 0.000 0.000 1.000)

27.289091110229492
(1.000 0.000 0.000 4.000
 0.000 1.000 0.000 0.000
 0.000 0.000 1.000 5.000
 0.000 0.000 0.000 1.000)

27.975374221801758
(1.000 0.000 0.000 0.000
 0.000 1.000 0.000 0.000
 0.000 0.000 1.000 3.000
 0.000 0.000 0.000 1.000)

28.326839447021484
(1.000 0.000 0.000 3.333
 0.000 1.000 0.000 0.000
 0.000 0.000 1.000 1.000
 0.000 0.000 0.000 1.000)

28.661630630493164
(1.000 0.000 0.000 0.500
 0.000 1.000 0.000 0.000
 0.000 0.000 1.000 2.000
 0.000 0.000 0.000 1.000)

29.063377380371094
(1.000 0.000 0.000 1.600
 0.000 1.000 0.000 0.000
 0.000 0.000 1.000 0.250
 0.000 0.000 0.000 1.000)

29.414859771728516
(1.000 0.000 0.000 3.000
 0.000 1.000 0.000 0.000
 0.000 0.000 1.000 8.000
 0.000 0.000 0.000 1.000)

29.749704360961914
(1.000 0.000 0.000 1.000
 0.000 1.000 0.000 0.000
 0.000 0.000 1.000 9.000
 0.000 0.000 0.000 1.000)

30.06776237487793
(1.000 0.000 0.000 3.000
 0.000 1.000 0.000 0.000
 0.000 0.000 1.000 2.250
 0.000 0.000 0.000 1.000)

30.335521697998047
(1.000 0.000 0.000 6.000
 0.000 1.000 0.000 0.000
 0.000 0.000 1.000 4.000
 0.000 0.000 0.000 1.000)

30.58652687072754
(1.000 0.000 0.000 0.200
 0.000 1.000 0.000 0.000
 0.000 0.000 1.000 0.400
 0.000 0.000 0.000 1.000)

30.787399291992188
(1.000 0.000 0.000 2.500
 0.000 1.000 0.000 0.000
 0.000 0.000 1.000 2.333
 0.000 0.000 0.000 1.000)

31.256086349487305
(1.000 0.000 0.000 0.800
 0.000 1.000 0.000 0.000
 0.000 0.000 1.000 1.000
 0.000 0.000 0.000 1.000)

31.473691940307617
(1.000 0.000 0.000 9.000
 0.000 1.000 0.000 0.000
 0.000 0.000 1.000 2.500
 0.000 0.000 0.000 1.000)

31.74152374267578
(1.000 0.000 0.000 2.000
 0.000 1.000 0.000 0.000
 0.000 0.000 1.000 2.333
 0.000 0.000 0.000 1.000)

31.975709915161133
(1.000 0.000 0.000 1.000
 0.000 1.000 0.000 0.000
 0.000 0.000 1.000 5.000
 0.000 0.000 0.000 1.000)

32.19306182861328
(1.000 0.000 0.000 1.500
 0.000 1.000 0.000 0.000
 0.000 0.000 1.000 0.600
 0.000 0.000 0.000 1.000)

32.41046142578125
(1.000 0.000 0.000 2.000
 0.000 1.000 0.000 0.000
 0.000 0.000 1.000 4.000
 0.000 0.000 0.000 1.000)

32.661312103271484
(1.000 0.000 0.000 2.000
 0.000 1.000 0.000 0.000
 0.000 0.000 1.000 3.333
 0.000 0.000 0.000 1.000)

32.895423889160156
(1.000 0.000 0.000 5.000
 0.000 1.000 0.000 0.000
 0.000 0.000 1.000 3.000
 0.000 0.000 0.000 1.000)

33.096092224121094
(1.000 0.000 0.000 0.333
 0.000 1.000 0.000 0.000
 0.000 0.000 1.000 2.333
 0.000 0.000 0.000 1.000)

33.28009033203125
(1.000 0.000 0.000 1.000
 0.000 1.000 0.000 0.000
 0.000 0.000 1.000 3.000
 0.000 0.000 0.000 1.000)

33.46406173706055
(1.000 0.000 0.000 0.000
 0.000 1.000 0.000 0.000
 0.000 0.000 1.000 0.800
 0.000 0.000 0.000 1.000)

33.64820098876953
(1.000 0.000 0.000 1.200
 0.000 1.000 0.000 0.000
 0.000 0.000 1.000 0.800
 0.000 0.000 0.000 1.000)

33.815582275390625
(1.000 0.000 0.000 1.500
 0.000 1.000 0.000 0.000
 0.000 0.000 1.000 1.000
 0.000 0.000 0.000 1.000)

33.983009338378906
(1.000 0.000 0.000 0.000
 0.000 1.000 0.000 0.000
 0.000 0.000 1.000 0.000
 0.000 0.000 0.000 1.000)

34.150386810302734
(1.000 0.000 0.000 1.333
 0.000 1.000 0.000 0.000
 0.000 0.000 1.000 3.333
 0.000 0.000 0.000 1.000)

34.30105209350586
(1.000 0.000 0.000 1.000
 0.000 1.000 0.000 0.000
 0.000 0.000 1.000 2.500
 0.000 0.000 0.000 1.000)

34.46845245361328
(1.000 0.000 0.000 1.600
 0.000 1.000 0.000 0.000
 0.000 0.000 1.000 1.000
 0.000 0.000 0.000 1.000)

34.61910629272461
(1.000 0.000 0.000 2.000
 0.000 1.000 0.000 0.000
 0.000 0.000 1.000 1.800
 0.000 0.000 0.000 1.000)

34.78649139404297
(1.000 0.000 0.000 0.200
 0.000 1.000 0.000 0.000
 0.000 0.000 1.000 0.000
 0.000 0.000 0.000 1.000)

34.95389175415039
(1.000 0.000 0.000 1.500
 0.000 1.000 0.000 0.000
 0.000 0.000 1.000 5.000
 0.000 0.000 0.000 1.000)

35.121280670166016
(1.000 0.000 0.000 1.000
 0.000 1.000 0.000 0.000
 0.000 0.000 1.000 7.000
 0.000 0.000 0.000 1.000)

35.27193832397461
(1.000 0.000 0.000 1.000
 0.000 1.000 0.000 0.000
 0.000 0.000 1.000 1.000
 0.000 0.000 0.000 1.000)

35.47279739379883
(1.000 0.000 0.000 2.000
 0.000 1.000 0.000 0.000
 0.000 0.000 1.000 5.000
 0.000 0.000 0.000 1.000)

35.6568489074707
(1.000 0.000 0.000 1.000
 0.000 1.000 0.000 0.000
 0.000 0.000 1.000 0.000
 0.000 0.000 0.000 1.000)

35.80744934082031
(1.000 0.000 0.000 2.000
 0.000 1.000 0.000 0.000
 0.000 0.000 1.000 7.000
 0.000 0.000 0.000 1.000)

35.95808410644531
(1.000 0.000 0.000 0.200
 0.000 1.000 0.000 0.000
 0.000 0.000 1.000 2.000
 0.000 0.000 0.000 1.000)

36.142208099365234
(1.000 0.000 0.000 3.000
 0.000 1.000 0.000 0.000
 0.000 0.000 1.000 1.750
 0.000 0.000 0.000 1.000)

36.32631301879883
(1.000 0.000 0.000 1.667
 0.000 1.000 0.000 0.000
 0.000 0.000 1.000 2.000
 0.000 0.000 0.000 1.000)

36.49372100830078
(1.000 0.000 0.000 1.600
 0.000 1.000 0.000 0.000
 0.000 0.000 1.000 1.400
 0.000 0.000 0.000 1.000)

36.69456481933594
(1.000 0.000 0.000 1.000
 0.000 1.000 0.000 0.000
 0.000 0.000 1.000 3.000
 0.000 0.000 0.000 1.000)

36.8619384765625
(1.000 0.000 0.000 0.200
 0.000 1.000 0.000 0.000
 0.000 0.000 1.000 3.333
 0.000 0.000 0.000 1.000)

37.02935791015625
(1.000 0.000 0.000 1.200
 0.000 1.000 0.000 0.000
 0.000 0.000 1.000 4.000
 0.000 0.000 0.000 1.000)

37.19673156738281
(1.000 0.000 0.000 1.500
 0.000 1.000 0.000 0.000
 0.000 0.000 1.000 1.500
 0.000 0.000 0.000 1.000)

